   17   16    7
 -24.00000   3.00000 -30.00000   4.00000  -1.00000   2.00000
   1.40593   1.52825   1.85260   1.88967   2.05881   2.02507   1.93186
   1.40264   1.51898   1.85569   1.84893   1.99758   2.02629   1.93861
   1.40131   1.48962   1.76643   1.76216   1.86290   1.97021   1.94315
   1.36974   1.40368   1.91324   2.01028   1.97161   2.12447   1.99604
   1.29891   1.36334   2.19571   1.82922   1.88073   2.06907   2.00805
   1.37330   1.59389   2.15128   1.67857   1.86186   1.96282   1.95294
   1.40141   1.53168   1.87318   1.76417   1.87077   1.92035   1.92485
   1.38965   1.41217   1.77066   1.84652   1.90951   1.92319   1.92304
   1.34506   1.30443   1.69747   1.82911   1.90417   1.92723   1.92568
   1.33123   1.37924   1.74018   1.79662   1.87478   1.91678   1.92533
   1.39836   1.50130   1.80604   1.76731   1.85700   1.92216   1.92869
   1.40146   1.50468   1.81423   1.80759   1.88623   1.92499   1.92632
   1.40143   1.50458   1.82342   1.85976   1.91612   1.92755   1.92593
   1.40148   1.50317   1.80276   1.83668   1.91447   1.92777   1.92593
   1.40147   1.48361   1.66153   1.73702   1.90803   1.92788   1.92593
   1.40135   1.44160   1.51200   1.70463   1.91094   1.92775   1.92593
   1.40634   1.51513   1.86833   1.88900   2.00626   2.01255   1.93567
   1.40680   1.54271   1.92492   1.93189   2.06670   2.15859   1.97716
   1.42684   1.54786   1.83189   1.82638   1.84804   2.02425   1.97730
   1.40747   1.45162   1.71661   1.92919   1.92796   2.09680   2.06504
   1.37350   1.31729   1.97491   2.05103   1.88140   2.04940   2.11441
   1.39085   1.44583   2.07331   1.89162   1.89332   1.96185   1.98891
   1.40106   1.51434   1.97937   1.84993   1.84371   1.90864   1.91515
   1.40070   1.44006   1.70634   1.83967   1.90080   1.91645   1.90024
   1.36743   1.48911   1.67212   1.85427   1.91303   1.91221   1.91572
   1.30055   1.33854   1.70396   1.82568   1.82358   1.83887   1.88438
   1.38626   1.48572   1.81606   1.72604   1.81916   1.89864   1.91692
   1.33613   1.43654   1.79093   1.76417   1.86694   1.92197   1.92622
   1.35797   1.45302   1.79475   1.83155   1.90697   1.92703   1.92601
   1.38860   1.47927   1.73359   1.71122   1.87498   1.92875   1.92622
   1.38050   1.46741   1.56471   1.50861   1.84463   1.92762   1.92601
   1.39887   1.47908   1.63035   1.68951   1.89646   1.92757   1.92593
   1.40314   1.54130   1.91325   1.89566   1.93214   1.94672   1.92873
   1.36230   1.52280   1.87910   1.85229   1.96758   2.09081   1.98449
   1.42537   1.73249   2.11473   1.98716   1.91821   2.14448   2.04076
   1.48183   1.86270   2.12710   1.94357   1.97043   2.05475   2.01665
   1.33247   1.44127   1.94311   1.92725   1.94772   1.91195   2.09075
   1.39042   1.48825   1.94621   1.96904   2.09602   1.90247   1.96451
   1.39371   1.50917   1.80319   1.79457   1.89022   1.95622   1.90943
   1.39826   1.46453   1.81270   2.00258   1.97698   1.98146   1.90378
   1.36867   1.52983   1.76439   1.78832   2.05791   1.95536   1.92584
   1.43735   1.46375   1.63222   1.89795   1.95700   1.88405   1.88277
   1.46626   1.43992   1.71266   1.69532   1.81176   1.91274   1.91104
   1.10970   1.04357   1.58094   1.60127   1.81091   1.90400   1.92132
   1.30093   1.25336   1.60299   1.65150   1.81320   1.91070   1.92638
   1.21964   1.23093   1.55704   1.46564   1.73705   1.91868   1.92826
   1.08261   1.19520   1.61501   1.53518   1.79832   1.92284   1.92620
   1.36387   1.47455   1.78774   1.80855   1.90439   1.92736   1.92593
   1.40164   1.51477   1.85112   1.78250   1.80734   1.90855   1.92697
   1.32519   1.43642   1.84461   1.87793   1.78846   1.91029   1.94998
   1.16008   0.85977   1.49541   2.02752   1.73000   1.98218   2.01333
   1.58449   1.52290   1.59240   2.09114   1.84264   2.01944   2.01366
   1.30138   1.22608   2.02914   2.06381   1.76380   1.90877   2.07842
   1.17465   1.31353   1.97615   2.17028   2.00305   1.89796   1.81802
   1.17460   1.37990   1.78317   1.84955   1.87310   2.06742   1.80518
   1.37752   1.37603   1.47634   1.74874   1.94229   1.89906   1.87766
   1.32439   1.61463   1.93801   1.81929   2.03364   1.94161   1.95250
   1.39574   1.51673   1.72399   1.91482   1.90234   2.02968   1.98628
   1.66953   1.53804   1.53556   1.68211   1.84947   1.95864   1.94601
   1.33932   1.02131   1.71192   1.61774   1.67107   1.81346   1.89274
   1.52161   1.46473   1.53756   1.55573   1.65745   1.83877   1.90715
   1.14937   1.05900   1.50040   1.46712   1.67076   1.88581   1.92439
   1.03742   0.99795   1.61319   1.72703   1.85414   1.92188   1.92596
   1.36720   1.47105   1.81707   1.85776   1.91499   1.92740   1.92592
   1.40150   1.50428   1.81046   1.71297   1.72544   1.87031   1.91946
   1.40273   1.48830   1.77538   1.81552   1.74827   1.79819   1.91074
   1.31041   1.41759   1.54876   1.96874   2.11281   1.86173   1.92402
   1.30161   1.58356   1.28818   1.49038   2.07279   2.00280   2.01197
   1.37972   1.54758   1.86785   2.07940   2.17042   2.05427   2.14466
   1.08907   0.98705   1.36383   1.81887   1.87781   2.09305   1.95387
   1.11585   1.15148   1.74616   2.12708   1.72762   1.94533   1.83063
   1.36500   1.44909   1.70614   1.76999   1.88180   1.72329   1.91395
   1.26549   1.52998   2.11586   1.57606   1.95510   1.88998   1.97288
   1.29553   0.88737   1.34641   2.26123   1.83689   1.86466   1.88589
   1.68050   1.53643   1.66561   2.04047   1.83635   1.86559   1.92384
   1.66068   1.36969   1.61160   1.81803   1.76357   1.99158   2.01913
   1.56960   1.72128   1.54321   1.71059   1.80473   1.94864   1.92261
   1.31275   1.09529   1.35469   1.56162   1.76311   1.86878   1.89866
   1.34181   1.32428   1.68824   1.80034   1.88154   1.91070   1.92306
   1.39995   1.50223   1.82392   1.85719   1.90627   1.92332   1.92564
   1.40247   1.52079   1.78377   1.83579   1.85639   1.86683   1.91452
   1.39708   1.49938   1.82279   1.75020   1.78996   1.80679   1.88263
   1.13558   1.31295   1.58626   1.70814   1.91106   1.83265   1.87349
   0.83014   0.93036   1.47272   1.71577   1.98322   2.04889   2.04212
   1.19711   1.46887   1.41685   1.67793   2.03202   1.82215   2.09175
   1.32704   1.17165   1.64054   1.96679   2.02330   2.16804   2.12435
   1.54643   1.53210   1.85138   1.85842   1.80208   1.89120   2.04789
   1.36754   1.55647   2.06379   1.69281   2.05284   1.93931   2.12689
   1.38309   1.53326   2.28225   1.75821   2.03543   1.87705   2.12198
   1.37520   1.91218   2.16581   1.88794   1.91354   1.89998   1.85609
   1.58617   1.59039   1.95042   1.94443   1.79669   1.87633   1.77378
   1.53422   1.47627   1.58608   2.05281   2.06891   2.04987   2.04577
   1.50309   1.94330   1.77204   1.90240   1.88181   1.91313   1.94285
   1.58217   1.66682   1.75044   1.63113   1.72303   1.82809   1.88792
   1.45132   1.65385   1.86336   1.74650   1.82392   1.88921   1.92073
   1.43975   1.55310   1.80270   1.81017   1.87896   1.91779   1.92555
   1.40323   1.49646   1.68281   1.83319   1.87207   1.88584   1.91896
   1.40178   1.54450   1.85579   1.67854   1.80417   1.81848   1.89519
   1.36116   1.46638   1.94395   1.82594   1.73377   1.82472   1.89114
   1.33271   1.28063   1.57770   2.12035   1.88466   2.03610   2.03377
   1.32270   1.69604   1.57682   1.88639   2.09413   1.72616   1.86729
   1.59795   1.34066   1.65052   1.76240   1.87601   2.03829   1.92887
   1.68047   1.37722   1.65482   2.04269   1.75185   1.85888   1.89197
   1.42737   1.39305   1.66287   1.62866   1.90246   1.88666   1.87690
   1.78077   1.73344   1.83971   2.06553   1.95323   1.65080   1.98668
   1.10204   1.41315   1.52128   1.80521   2.02730   1.87775   1.96471
   1.60273   1.65825   1.72715   1.83014   1.89710   1.75887   1.68102
   1.15575   1.26156   1.89790   1.87485   2.02160   1.90060   1.88898
   1.24446   1.64647   1.68432   1.88888   1.89106   1.91154   1.89654
   1.47819   1.22944   1.47833   1.77120   1.81582   1.87856   1.89011
   1.35866   1.55753   1.77220   1.57352   1.79510   1.90054   1.91720
   1.46861   1.62657   1.66257   1.61105   1.85391   1.92065   1.92523
   1.40180   1.49829   1.82148   1.94454   1.93363   1.91931   1.92372
   1.40159   1.51668   1.83512   1.91298   2.02191   1.89197   1.90652
   1.40584   1.52315   1.94606   1.84944   2.05242   1.92380   1.88252
   1.44011   1.56211   1.91717   1.96604   1.90132   2.07072   1.89948
   1.46759   1.44840   1.67259   1.91310   1.98493   1.85763   1.76591
   1.51126   1.41443   1.92539   1.76161   1.95728   1.99456   1.96938
   1.50937   1.54388   1.86296   1.75417   1.84623   1.97121   2.15036
   1.41901   1.51675   1.74688   2.17649   2.07314   2.06787   1.92693
   1.57124   1.41729   1.67685   1.80730   2.04397   1.84778   1.83817
   1.20893   1.29067   2.08544   1.69206   2.01885   1.96970   1.84895
   1.46630   1.87931   2.20838   1.77833   1.79260   2.08228   1.85466
   1.43497   1.43811   1.69200   1.79316   1.77444   2.00921   1.99047
   1.42002   1.86360   1.85668   1.91118   2.08521   2.00611   1.93175
   1.39884   1.46335   1.66788   1.76628   1.87431   1.93016   1.90849
   1.38022   1.55939   1.83489   1.41543   1.64928   1.89628   1.91804
   1.41711   1.58705   1.94568   1.55199   1.73997   1.91823   1.92584
   1.40148   1.50541   1.82364   1.86456   1.92091   1.92708   1.92567
   1.40108   1.50776   1.84913   1.86784   1.94375   1.93660   1.92364
   1.42656   1.52971   1.84348   1.88969   1.95320   2.00416   1.93310
   1.45749   1.66124   1.89133   1.78865   1.88260   2.03453   1.91949
   1.33686   1.20539   1.73489   1.92105   2.03187   1.88714   1.92792
   1.47678   1.57146   1.99942   1.87858   1.78501   2.03003   2.03282
   1.45449   1.50214   1.65970   1.93330   1.75526   2.04302   2.05011
   1.66135   1.76774   1.67539   1.89090   1.74380   2.00886   2.09678
   1.39457   1.46134   1.92557   1.91122   1.96823   1.99891   1.85451
   1.28105   1.25944   1.85265   1.91817   2.00266   1.87761   1.87779
   1.39704   1.29866   1.60628   1.92614   1.95029   2.06489   1.96669
   1.48261   1.06304   1.73127   2.01579   2.00083   1.93047   1.86689
   1.53624   1.52606   1.52786   1.82441   1.90405   1.96097   1.90552
   1.59038   2.01298   1.93641   1.82987   2.01967   2.03312   1.95576
   1.43300   1.43235   1.60502   1.70828   1.87989   1.97891   1.94992
   1.35661   1.34196   1.90186   1.72502   1.71335   1.95816   1.93982
   1.40071   1.50557   1.82545   1.86453   1.91914   1.92795   1.92594
   1.37343   1.47088   1.83219   1.85528   1.92949   1.95245   1.93309
   1.37045   1.34445   1.64314   1.74264   1.90550   2.00670   1.97234
   1.43572   1.54064   1.66940   1.73867   1.93362   1.91348   1.90857
   1.38638   1.58419   1.95971   1.86664   2.17509   1.87297   1.88792
   1.35317   1.38761   1.79830   1.88370   1.88494   2.11517   1.79761
   1.33467   1.20803   1.57987   2.01663   1.80740   1.76442   1.63861
   1.56063   1.84748   1.70833   1.85691   2.11785   1.87973   1.83166
   1.56441   1.72689   1.72832   1.94854   1.81318   2.06165   1.82923
   1.38650   1.13664   1.75292   1.77296   2.00358   1.90173   1.89508
   1.45469   1.59662   1.61386   1.54538   1.95032   1.88256   2.17615
   1.32345   1.47672   1.83704   1.75952   1.84578   1.93983   2.07735
   1.35086   1.06611   1.74648   1.66016   2.02678   2.25233   2.03911
   1.46330   1.40097   1.63273   1.56431   2.15049   2.18490   2.02498
   1.42077   1.40938   1.76987   1.81031   1.87668   2.09494   2.00268
   1.33222   1.33838   1.80604   1.37742   1.57274   2.02089   1.96476
   1.40215   1.50536   1.82468   1.86538   1.92320   1.92954   1.92604
   1.36864   1.46921   1.81777   1.86100   1.98495   1.98591   1.93812
   1.35053   1.40690   1.77592   1.86179   1.99201   1.98571   1.94943
   1.39708   1.47804   1.74642   1.82725   2.02359   1.86210   1.84899
   1.43218   1.57336   1.70951   1.76000   2.22420   2.08053   1.91778
   1.43045   1.64529   1.83539   1.82039   2.07104   2.02012   1.90245
   1.30489   1.34742   1.74916   1.89810   1.84160   1.66712   1.91167
   1.38670   1.54861   1.68761   1.80202   2.07753   1.78031   1.86486
   1.42978   1.51396   1.75630   1.75163   1.96454   2.09284   1.91710
   1.51029   1.58323   1.82126   1.83186   1.94007   2.05893   2.01181
   1.45215   1.31111   1.71209   2.04712   1.83431   1.88875   1.92542
   1.45650   1.89826   1.93910   1.52711   1.80182   1.99157   2.07588
   1.40386   1.68547   1.64908   1.71354   2.00446   1.93823   2.03740
   1.45303   1.84926   1.78766   1.93581   1.53086   1.65912   2.01273
   1.45321   1.61797   1.65869   1.72337   1.32514   1.88649   2.01772
   1.40943   1.53624   1.97457   1.91042   1.73206   2.02342   1.97511
   1.40532   1.50641   1.82518   1.87899   1.94309   1.93317   1.92613
   1.43929   1.55957   1.84372   1.88334   2.04065   1.98126   1.92795
   1.43057   1.61917   1.94869   1.80568   1.93257   1.92677   1.89860
   1.40337   1.54170   1.95480   1.84312   2.01801   1.99481   1.89488
   1.40927   1.52176   1.92014   1.93244   1.98725   2.10454   1.95117
   1.42865   1.47146   1.62533   1.87422   2.02505   1.98607   1.92659
   1.39998   1.53243   1.79103   1.93973   1.70087   1.90279   1.99609
   1.39715   1.48798   1.67020   1.87624   1.88172   1.73447   1.82016
   1.42316   1.37272   1.53165   1.82004   1.93233   1.89147   1.81713
   1.52003   1.53676   1.75616   1.78497   1.77513   2.04335   1.96048
   1.38985   1.35031   1.88456   1.69606   1.81227   2.09328   1.96687
   1.39158   1.48149   1.79374   1.76002   1.79002   1.88588   1.99250
   1.40018   1.44200   1.72413   1.98080   2.00513   1.83086   1.98761
   1.54825   1.80056   1.80294   2.15884   1.93098   1.82636   2.00203
   1.58916   1.64829   1.62619   2.14347   1.79407   1.99620   1.98120
   1.41101   1.35257   1.54110   2.01882   1.97261   2.04538   1.94731
   1.40165   1.50488   1.83978   1.93900   1.96532   1.93114   1.92594
   1.40399   1.50759   1.78471   1.88169   2.03435   1.93318   1.92109
   1.40435   1.52012   1.77384   1.67193   1.96730   1.90589   1.90192
   1.40812   1.54332   1.86157   1.67093   1.84332   1.92176   1.90588
   1.40409   1.52991   1.89036   1.82679   1.91270   1.91678   1.90529
   1.37489   1.33654   1.74201   2.10827   2.17352   2.00821   1.92681
   1.39612   1.50125   1.98367   1.91506   1.95599   2.18078   1.98270
   1.39766   1.51911   1.92723   1.80145   1.76618   1.93676   1.89023
   1.40094   1.46780   1.74822   1.85565   1.86553   1.96367   1.89015
   1.41167   1.51999   1.83134   1.90816   1.94163   1.97354   1.96203
   1.40571   1.59731   2.11553   1.77833   1.91359   1.91859   1.97180
   1.39224   1.51738   1.97494   1.74058   1.78388   1.88279   1.96661
   1.38209   1.46713   1.90901   1.76402   1.78949   1.90133   1.97662
   1.43504   1.52339   1.70019   1.75039   1.79440   1.96726   2.00215
   1.46234   1.47004   1.65003   1.73794   1.77087   2.09801   1.98720
   1.40165   1.37719   1.67272   1.56769   1.90980   2.08150   1.94658
   1.40079   1.48312   1.86184   1.99966   1.94573   1.92734   1.92591
   1.40134   1.47794   1.67704   1.86157   1.94988   1.91509   1.92406
   1.40148   1.49892   1.69082   1.58643   1.79880   1.87625   1.91783
   1.40847   1.51810   1.78183   1.64251   1.84675   1.92744   1.91729
   1.38858   1.49523   1.82446   1.80121   1.91634   1.95522   1.92509
   1.37373   1.45845   1.83776   1.85322   2.02494   2.09839   1.96734
   1.40406   1.55123   1.83431   1.65128   1.90486   2.05935   1.96363
   1.40321   1.50212   1.74720   1.73193   1.84772   1.91675   1.93397
   1.40412   1.51534   1.83875   1.88201   1.81614   1.87378   1.92897
   1.40178   1.47904   1.69236   1.79086   1.78440   1.83517   1.93867
   1.40303   1.54457   1.79877   1.79619   1.86933   1.78497   1.93728
   1.37644   1.52208   1.80308   1.83936   1.91496   1.84087   1.91631
   1.31349   1.47739   1.83015   1.80687   1.85824   1.86098   1.90341
   1.38420   1.51030   1.79332   1.77482   1.83763   1.89086   1.92158
   1.40134   1.47789   1.73811   1.77061   1.86396   1.93062   1.92890
   1.39967   1.45374   1.75995   1.75780   1.88952   1.94487   1.92820
   1.39424   1.39835   1.80352   1.92324   1.91957   1.92748   1.92593
   1.40007   1.43712   1.63408   1.75500   1.87283   1.92042   1.92566
   1.40146   1.49533   1.70130   1.68946   1.90150   1.92105   1.92529
   1.40128   1.50412   1.78540   1.77861   1.97090   1.95670   1.92653
   1.38786   1.48338   1.79657   1.78757   1.94059   2.02031   1.94003
   1.39249   1.48540   1.79120   1.82238   1.92149   1.97627   1.94309
   1.39086   1.47464   1.81029   1.83719   1.87260   1.91803   1.92800
   1.38704   1.46558   1.88398   1.98495   1.93836   1.91583   1.93298
   1.41474   1.53627   1.79670   1.81369   1.81495   1.83792   1.92387
   1.39521   1.43531   1.73139   1.80019   1.82949   1.85809   1.92607
   1.40164   1.50333   1.79853   1.86109   1.92931   1.89051   1.93738
   1.37328   1.43692   1.71740   1.93117   1.99514   1.88494   1.91860
   1.27181   1.37760   1.76060   1.97268   1.95807   1.84091   1.88729
   1.36167   1.48307   1.81409   1.85573   1.84288   1.84298   1.90492
   1.40137   1.50332   1.81478   1.84556   1.87723   1.89916   1.92182
   1.40145   1.50118   1.81524   1.85984   1.91244   1.92001   1.92474
   1.39575   1.47207   1.83737   1.86268   1.91680   1.92769   1.92593
   1.40035   1.47947   1.71883   1.77482   1.90697   1.92682   1.92592
   1.40146   1.49549   1.70232   1.76211   1.93090   1.93015   1.92627
   1.40146   1.50235   1.75869   1.69505   1.85131   1.94401   1.92670
   1.40121   1.50412   1.81020   1.77171   1.85544   1.98104   1.93197
   1.40191   1.50768   1.82619   1.84185   1.88688   1.96519   1.93187
   1.40330   1.53571   1.85734   1.86735   1.91937   1.95750   1.93004
   1.41055   1.57148   1.89824   1.88712   1.92272   1.93711   1.93478
   1.37975   1.42982   1.74542   1.83951   1.87757   1.89773   1.93393
   1.36767   1.42838   1.78133   1.84270   1.82315   1.85054   1.92422
   1.40124   1.50687   1.82846   1.87977   1.90743   1.90424   1.92810
   1.39694   1.49415   1.82829   1.96096   1.98936   1.93128   1.92692
   1.37909   1.48119   1.84924   2.02672   1.98167   1.87302   1.90757
   1.39349   1.49945   1.83113   1.87850   1.81836   1.82272   1.90616
   1.40149   1.50463   1.82391   1.84298   1.84005   1.88406   1.92159
   1.40148   1.50463   1.82426   1.85785   1.90264   1.92189   1.92560
   1.40155   1.50776   1.80509   1.85208   1.91834   1.92774   1.92593
   1.40148   1.47799   1.66374   1.80263   1.91859   1.92773   1.92593
   1.40149   1.48481   1.66550   1.74442   1.90023   1.92808   1.92603
   1.40148   1.50086   1.76163   1.69043   1.84536   1.94186   1.92614
   1.40148   1.50454   1.81594   1.79365   1.91527   1.98578   1.92901
   1.40156   1.50477   1.82422   1.86128   1.96197   1.98785   1.93093
   1.40471   1.51074   1.82578   1.86444   1.92663   1.94380   1.92766
   1.40378   1.51086   1.82562   1.86417   1.91851   1.92920   1.92728
   1.36356   1.46534   1.81444   1.86294   1.91418   1.93168   1.93150
   1.37702   1.48296   1.82001   1.85521   1.85906   1.89776   1.92834
   1.40133   1.50488   1.82486   1.86313   1.87254   1.90030   1.92549
   1.40148   1.50468   1.83248   1.91878   1.96050   1.93469   1.92622
   1.40148   1.50492   1.85324   1.98875   1.97587   1.91609   1.92298
   1.40148   1.50475   1.83383   1.87981   1.83837   1.86537   1.91852
   1.40148   1.50463   1.82395   1.84105   1.84040   1.89051   1.92296
   1.40148   1.50463   1.82409   1.85423   1.89709   1.92157   1.92572
   0.74067   0.81694   0.99720   1.00626   1.10444   1.07527   1.01638
   0.73863   0.80358   0.99116   1.00165   1.08282   1.09335   1.02190
   0.73764   0.78152   0.93631   0.99272   1.01679   1.05748   1.02502
   0.72110   0.73164   1.02512   1.09731   1.04478   1.15324   1.05886
   0.69313   0.74563   1.16761   0.98321   1.01340   1.13753   1.07161
   0.72926   0.87537   1.14397   0.90220   1.00536   1.05220   1.03258
   0.73794   0.81134   0.99117   0.93684   0.98535   1.00917   1.01170
   0.73849   0.77577   0.96933   0.98619   1.00184   1.01009   1.01053
   0.73961   0.76666   0.91923   0.96410   0.99767   1.01351   1.01294
   0.71759   0.77380   0.92696   0.94382   0.98305   1.00853   1.01271
   0.73687   0.79520   0.95453   0.94272   0.98077   1.01233   1.01440
   0.73778   0.79332   0.95592   0.96021   0.99355   1.01379   1.01349
   0.73777   0.79328   0.95978   0.98220   1.00622   1.01486   1.01333
   0.73778   0.79267   0.95114   0.97310   1.00571   1.01495   1.01333
   0.73777   0.78398   0.88842   0.92917   1.00288   1.01498   1.01333
   0.73772   0.76523   0.81925   0.91228   1.00379   1.01492   1.01333
   0.73725   0.80365   1.06477   1.03398   1.06877   1.06555   1.01805
   0.74137   0.81483   1.05744   1.09451   1.14242   1.17131   1.04119
   0.75537   0.82153   0.96854   1.02107   1.04779   1.12017   1.04961
   0.74180   0.76044   0.89734   1.03848   1.03994   1.17226   1.11514
   0.72639   0.72360   1.06152   1.11667   1.01118   1.14968   1.16473
   0.73462   0.81127   1.12674   1.00548   1.06611   1.07646   1.07041
   0.73763   0.80977   1.07811   0.99681   1.00262   1.01838   1.01191
   0.73994   0.77241   0.94462   1.02968   1.00924   1.01083   0.99975
   0.73266   0.81864   0.89744   0.98422   1.00255   1.00585   1.00670
   0.69697   0.75530   0.95036   0.94976   0.94405   0.96112   0.98824
   0.73131   0.79272   0.98075   0.92850   0.96200   0.99953   1.00750
   0.71193   0.76886   0.95073   0.94346   0.98634   1.01281   1.01346
   0.72670   0.78214   0.95095   0.97139   1.00348   1.01488   1.01336
   0.73085   0.78114   0.92158   0.91808   0.98963   1.01549   1.01345
   0.72666   0.77655   0.84520   0.82408   0.97526   1.01494   1.01336
   0.73652   0.78215   0.87206   0.90230   0.99694   1.01485   1.01333
   0.73730   0.80908   1.04570   1.03439   1.00959   1.02208   1.01478
   0.72489   0.79866   0.99817   1.05133   1.08955   1.11311   1.04145
   0.80556   0.96648   1.15814   1.08287   1.11221   1.20450   1.07486
   0.83379   1.02168   1.16755   1.06818   1.06546   1.18812   1.11059
   0.71999   0.78232   1.05599   1.08991   1.04647   1.05852   1.19890
   0.73819   0.81535   1.11659   1.04914   1.22824   1.07306   1.07847
   0.73752   0.81106   1.01815   0.95649   1.06590   1.08963   1.01878
   0.73680   0.77913   0.98083   1.14766   1.05222   1.04516   1.01244
   0.72246   0.79551   0.85524   0.94463   1.10649   1.04198   1.02480
   0.78080   0.82800   0.93449   0.96901   1.00978   0.97554   0.98394
   0.79185   0.76818   0.96912   0.95288   0.95564   1.00078   1.00169
   0.60746   0.59543   0.90798   0.90372   0.96482   1.00717   1.01261
   0.73130   0.73918   0.87384   0.89112   0.96347   1.00929   1.01364
   0.62963   0.61156   0.83502   0.81353   0.92870   1.01151   1.01428
   0.57060   0.64730   0.88081   0.83569   0.95193   1.01294   1.01344
   0.71985   0.78103   0.94370   0.95577   0.99974   1.01476   1.01333
   0.73785   0.79824   0.97767   0.94417   0.91888   0.99651   1.01426
   0.69602   0.74872   0.96647   1.02848   0.94213   0.98007   1.02218
   0.61032   0.42601   0.74069   1.08195   0.95032   1.06302   1.04385
   0.92166   0.86856   0.85416   1.18988   1.01481   1.17925   1.09541
   0.72445   0.65228   1.01958   1.17310   1.03964   1.09982   1.20673
   0.65135   0.77882   1.09617   1.15848   1.10608   1.07114   0.99712
   0.62648   0.79016   0.96445   0.94282   0.99824   1.16365   0.96577
   0.72487   0.72767   0.76070   0.99304   1.04058   0.99302   1.02444
   0.69271   0.84424   0.96361   0.97798   1.16167   1.05799   1.06225
   0.75061   0.86812   1.06098   0.89846   0.98570   1.07191   1.03820
   0.92946   0.83534   0.89351   1.02281   0.99206   1.01387   1.01883
   0.71216   0.53067   0.94696   0.93540   0.89513   0.95717   0.99648
   0.84124   0.82548   0.77156   0.83252   0.90810   0.97593   1.00179
   0.60976   0.53308   0.79222   0.85753   0.91158   0.99726   1.01246
   0.55577   0.56734   0.88165   0.92908   0.97606   1.01236   1.01334
   0.72174   0.77923   0.95706   0.97961   1.00454   1.01474   1.01332
   0.73779   0.79161   0.95004   0.94582   0.94354   1.00011   1.01300
   0.73983   0.80211   0.93360   0.99135   0.99223   0.97716   1.01747
   0.64177   0.78350   0.85827   1.05117   1.20141   1.03932   1.03532
   0.68504   0.83530   0.74302   0.85786   1.13522   1.11546   1.09889
   0.74652   0.83141   0.95254   1.17683   1.21655   1.13027   1.11990
   0.54773   0.53220   0.78895   0.99326   0.98754   1.16341   1.02554
   0.54005   0.54536   0.97153   1.08573   0.87090   1.13507   1.02859
   0.72395   0.78370   0.89683   0.93696   1.03144   0.96108   1.07902
   0.65696   0.78205   1.09904   0.86440   1.05246   1.05638   1.05696
   0.68069   0.49312   0.66845   1.06705   0.94824   1.04918   1.00484
   0.91931   0.92488   0.91774   1.12380   1.03808   1.04610   1.04576
   0.92577   0.80220   0.93875   0.99284   0.99928   1.09429   1.05208
   0.87968   1.01685   0.83777   0.90475   1.02901   1.06243   1.01198
   0.70375   0.63598   0.74654   0.83755   0.96177   0.99882   1.00328
   0.70842   0.71788   0.89602   0.94929   0.98792   1.00765   1.01218
   0.73706   0.79225   0.95982   0.97919   0.99984   1.01288   1.01321
   0.73824   0.79534   0.93345   1.01016   0.98900   0.99096   1.01012
   0.73854   0.80033   0.94499   0.94904   1.02344   0.98683   1.00692
   0.59948   0.73924   0.90489   0.88092   1.09534   1.05857   1.02266
   0.44722   0.45040   0.76182   0.97352   1.09558   1.15281   1.12634
   0.57105   0.88808   0.72416   0.91880   1.13325   0.99029   1.12158
   0.70323   0.67152   0.90203   0.99490   1.10804   1.13613   1.14334
   0.84093   0.79113   0.93961   0.96236   0.99590   1.06686   1.14903
   0.70507   0.70487   1.09392   0.99286   1.14140   1.08878   1.12905
   0.68913   0.69291   1.19440   0.85220   1.03174   1.01455   1.17903
   0.63376   0.97241   1.18055   1.09068   1.06560   0.99470   1.01597
   0.94568   0.76151   1.00966   1.02979   0.93714   1.07495   1.00567
   0.76560   0.67216   1.01736   1.21164   1.13749   1.20571   1.13178
   0.73391   1.08079   0.88812   0.97531   0.97440   1.06989   1.04699
   0.82890   0.82573   0.90752   0.87021   0.92005   0.98543   1.00139
   0.77583   0.87584   1.00075   0.93003   0.96701   0.99965   1.01132
   0.77611   0.82861   0.94858   0.95366   0.98911   1.01073   1.01317
   0.73839   0.78376   0.93530   1.03837   0.98446   0.99233   1.00948
   0.73791   0.81874   1.01000   0.94484   0.99028   0.96274   0.99936
   0.71381   0.77383   1.09239   1.01059   0.94606   0.97670   1.00506
   0.69139   0.67601   0.83012   1.20919   0.99041   1.05861   1.09816
   0.53317   0.84615   0.82562   1.02367   1.08077   0.97978   1.11643
   0.87067   0.64697   0.88246   0.99515   0.98074   1.13103   1.11283
   0.97548   0.86770   0.81993   1.04380   1.01239   1.01249   0.94178
   0.72204   0.64719   0.86930   0.83355   0.95926   1.05455   0.96245
   1.15942   1.00807   0.94991   1.10956   1.07766   0.94941   1.18669
   0.37868   0.72941   0.79786   0.95510   1.21004   0.83854   0.97944
   1.00723   1.02250   0.78136   1.03236   1.11296   0.88100   0.87559
   0.57174   0.67329   1.06016   0.96484   1.06086   1.01965   1.03732
   0.63894   0.95886   0.77029   1.01532   1.05297   1.05927   1.01474
   0.80242   0.65636   0.81504   1.06739   1.01076   1.01166   1.00218
   0.77337   0.87326   0.96228   0.82453   0.95730   1.00991   1.01089
   0.81360   0.86174   0.84893   0.83083   0.98013   1.01426   1.01320
   0.73782   0.78738   0.99762   1.07235   1.01177   1.00855   1.01188
   0.73781   0.79980   0.98325   1.06285   1.09305   0.99436   0.99925
   0.73760   0.80212   1.06153   0.95975   1.08049   1.04663   0.99006
   0.76337   0.80847   1.05091   1.15336   0.96767   1.15328   1.01446
   0.81777   0.73656   0.81659   1.00329   1.02584   1.00742   0.97971
   0.83539   0.73780   0.98599   0.95812   1.09320   1.07292   1.03163
   0.78408   0.81583   1.00977   0.99159   1.00474   1.12073   1.03041
   0.64817   0.84847   1.03885   1.13411   1.02632   1.11258   1.04453
   0.78340   0.73043   0.88159   0.97728   1.20591   1.07326   1.01534
   0.51518   0.59150   1.06663   0.92405   0.98185   1.06483   0.91214
   0.68103   1.08936   1.11495   0.98960   1.00125   1.19827   0.97031
   0.76582   0.77753   0.86459   1.08133   1.03872   1.05466   1.03189
   0.76194   1.00642   0.99614   0.98722   1.12721   1.07923   1.01944
   0.73946   0.76071   0.83111   0.95689   1.00313   1.04010   1.01495
   0.73393   0.77999   0.96759   0.81591   0.87601   1.01565   1.01320
   0.74692   0.82200   1.09458   0.86003   0.91202   1.01506   1.01372
   0.73778   0.79382   0.96463   0.99117   1.00827   1.01400   1.01306
   0.73805   0.79743   0.97694   1.01105   1.03431   1.01781   1.01036
   0.74462   0.82923   0.98372   1.02402   1.07067   1.07575   1.01911
   0.71670   0.88661   1.02677   0.97686   1.10043   1.15495   1.02871
   0.78369   0.60719   0.88517   1.05478   1.22695   1.01354   1.06874
   0.93460   1.01235   1.01463   0.96078   0.95412   0.95727   1.05194
   0.76273   0.77644   0.87635   1.13119   0.89213   1.19023   0.98656
   0.95250   1.10221   0.96420   1.17154   1.00984   1.02108   1.09678
   0.78128   0.83831   1.07535   1.02508   1.06193   1.09438   1.03223
   0.61447   0.50318   1.05208   1.16331   1.06545   1.03983   1.02899
   0.66189   0.60008   0.87181   0.96850   0.97106   1.09567   1.06771
   0.82062   0.46756   0.77910   1.07249   1.14826   0.96833   0.96118
   0.78192   0.69016   0.83751   0.97280   1.04848   1.05166   1.00601
   0.81841   1.11132   0.98992   0.99041   1.12611   1.08346   1.02950
   0.75027   0.67814   0.78424   1.02960   1.02522   1.04273   1.02491
   0.69513   0.63967   1.07770   1.00404   0.89353   1.02864   1.01996
   0.73774   0.79316   0.96011   0.98387   1.00726   1.01504   1.01333
   0.73485   0.78660   0.95486   0.97331   1.01598   1.03278   1.01766
   0.73698   0.76513   0.86711   0.94886   1.03156   1.09029   1.04823
   0.74122   0.85502   0.88187   0.94362   1.03161   1.04792   1.04209
   0.74530   0.88067   1.03419   0.96526   1.17695   0.92440   1.04482
   0.74397   0.78376   1.05595   1.03550   0.97831   1.06323   1.02018
   0.70219   0.59802   0.80221   1.14248   0.96766   1.06247   0.88202
   0.83184   0.95358   0.86258   0.93501   1.25859   1.08542   0.96498
   0.85292   0.90783   0.94450   1.05405   1.01642   1.06132   1.02200
   0.69930   0.56588   0.95440   0.96404   1.14376   1.15806   1.10698
   0.74876   0.93388   0.96939   0.85926   1.06529   1.06946   1.13733
   0.78962   0.86942   1.01126   0.97646   1.00309   0.97351   1.08315
   0.69937   0.49397   1.06244   0.91678   1.12247   1.23320   1.08497
   0.78264   0.91678   0.99238   0.89016   1.25016   1.19103   1.06674
   0.76929   0.80350   0.95131   1.02655   1.03529   1.10449   1.05010
   0.68841   0.65618   0.94073   0.73188   0.81379   1.05854   1.03128
   0.74065   0.79376   0.95977   0.98468   1.01019   1.01610   1.01338
   0.75836   0.80692   0.95692   0.98885   1.06431   1.05807   1.02000
   0.73721   0.79587   0.95979   0.99341   1.08417   1.09505   1.03797
   0.73506   0.77371   0.90491   0.95809   1.02574   1.02351   1.01910
   0.75927   0.82733   0.81384   1.03667   1.24438   1.10316   1.05834
   0.80362   0.93085   0.94966   1.08582   1.13426   1.09599   1.01856
   0.72297   0.81422   0.95898   1.06000   0.94189   0.89879   1.05489
   0.66468   0.73766   0.87487   1.02361   1.14460   0.94801   1.04652
   0.69344   0.72833   1.00137   0.93966   1.02196   1.02492   1.04682
   0.72833   0.80788   1.01975   0.96471   1.07837   1.01702   1.06872
   0.75904   0.74917   1.05359   1.10952   0.95144   1.08757   1.05844
   0.81183   1.02179   0.93175   0.82410   1.01028   1.01140   1.12948
   0.71999   0.80681   0.91796   1.00986   1.08392   1.01136   1.08747
   0.74653   0.88981   0.88122   0.99100   0.87321   0.88436   1.05519
   0.75635   0.81770   0.84310   0.96952   0.77924   0.98448   1.05271
   0.74371   0.81055   1.03268   1.06192   0.93697   1.05630   1.03412
   0.74121   0.79492   0.96128   0.99690   1.02512   1.01840   1.01341
   0.77281   0.84119   0.97891   1.02124   1.11445   1.05627   1.01419
   0.75825   0.87260   1.06057   0.97284   1.04292   1.05505   1.00771
   0.73690   0.79886   1.04497   1.01951   1.04908   1.12359   1.03647
   0.74305   0.77271   1.00953   1.14599   1.06792   1.15156   1.05763
   0.78782   0.80096   0.77683   0.98759   1.10671   1.04182   1.01516
   0.77318   0.87898   0.86771   0.98330   0.97392   1.04373   1.10037
   0.73851   0.78195   0.85106   0.98921   1.00306   1.02269   1.00304
   0.75561   0.75899   0.90853   0.92203   1.07974   1.11943   0.98284
   0.80266   0.89972   1.02364   0.97822   1.08436   0.96353   1.01481
   0.70662   0.64605   0.93592   0.88313   1.08801   1.13735   1.13282
   0.72129   0.77852   0.92777   0.99893   1.03899   1.06945   1.10842
   0.73655   0.80614   0.96373   1.10340   1.05649   1.00542   1.06999
   0.82131   1.00687   1.00701   1.13126   1.04670   1.02736   1.06756
   0.82105   0.84979   0.80988   1.11393   1.04857   1.11020   1.04876
   0.74116   0.71453   0.78226   1.11358   1.11813   1.10247   1.02530
   0.73791   0.79370   0.97743   1.04852   1.04191   1.01714   1.01333
   0.73955   0.79580   0.94378   1.03313   1.11209   1.02593   1.01135
   0.73970   0.80431   0.93691   0.88109   1.07392   1.04280   1.01081
   0.74123   0.81425   0.99242   0.89996   1.03810   1.10185   1.02783
   0.74322   0.81098   1.03172   0.99127   1.06306   1.05531   1.01560
   0.72912   0.71145   0.88420   1.16462   1.19948   1.07246   1.02355
   0.73791   0.79607   1.03953   1.11850   1.09134   1.18019   1.05477
   0.74130   0.79458   1.03797   0.97927   0.95208   1.06006   0.98323
   0.74359   0.75772   0.89359   1.01469   1.10460   1.09485   0.99626
   0.75064   0.80986   1.00029   1.06145   1.04686   1.02536   1.04458
   0.73981   0.84240   1.11874   1.03941   1.09577   1.04436   1.06897
   0.73373   0.81716   1.04894   0.96422   0.99272   1.07708   1.05743
   0.73014   0.77789   0.95081   0.94651   1.02198   1.05928   1.05360
   0.75922   0.79894   0.89945   1.01799   1.02975   1.08540   1.05861
   0.76968   0.78523   0.90317   1.00206   1.02441   1.15180   1.04762
   0.73801   0.73307   0.87006   0.89801   1.07709   1.12311   1.02470
   0.73723   0.78075   1.01456   1.10038   1.02872   1.01489   1.01332
   0.73767   0.77674   0.89009   1.04025   1.05941   1.01327   1.01282
   0.73778   0.79026   0.89464   0.89651   1.04079   1.02621   1.01497
   0.74762   0.80456   0.93964   0.90420   1.07518   1.06915   1.01810
   0.79126   0.84649   0.98399   0.96682   1.03488   1.03975   1.01710
   0.76638   0.83928   0.99617   1.00470   1.08988   1.12446   1.04022
   0.73926   0.81173   0.99567   0.91450   1.01630   1.11222   1.04078
   0.73588   0.77469   0.98871   1.00022   0.97354   1.01444   1.01928
   0.73866   0.80531   1.02597   1.08510   0.99583   0.99993   1.01885
   0.73826   0.78837   0.91204   0.95510   0.97786   1.01904   1.02740
   0.73864   0.81025   0.93956   0.99593   1.06584   1.00020   1.02201
   0.73214   0.84776   1.00258   0.96786   1.05170   1.04468   1.01792
   0.70959   0.81582   0.96441   0.94489   1.00334   1.01772   1.01257
   0.72995   0.78735   0.94536   0.97493   0.98834   1.00575   1.01418
   0.73765   0.78621   0.96049   0.98709   0.99525   1.02158   1.01536
   0.73709   0.78249   0.97167   0.96157   1.00273   1.02699   1.01457
   0.73341   0.74063   1.00420   1.04904   1.00999   1.01483   1.01333
   0.73696   0.75963   0.90931   1.01034   1.00997   1.01426   1.01332
   0.73777   0.78863   0.91449   0.98532   1.07612   1.02966   1.01419
   0.74075   0.79430   0.94139   0.96664   1.05831   1.03699   1.01555
   0.75778   0.80095   0.95272   0.96058   1.04073   1.06837   1.02324
   0.74910   0.79801   0.94899   0.97662   1.05061   1.07637   1.03013
   0.73216   0.79263   1.01127   1.00282   1.03779   1.07409   1.02776
   0.73460   0.81452   1.06941   1.05024   1.02071   1.03837   1.02142
   0.75437   0.85338   0.98298   0.96047   0.95054   0.96654   1.01201
   0.74404   0.80696   0.96761   0.97836   1.00274   1.00564   1.01624
   0.73807   0.79285   0.95012   1.00040   1.09683   1.04786   1.02075
   0.73208   0.77634   0.90198   1.01814   1.14373   1.05972   1.01250
   0.69630   0.74483   0.91132   1.03794   1.07099   1.01212   1.00047
   0.72055   0.77640   0.95056   0.98100   0.97879   0.98857   1.00725
   0.73767   0.79284   0.95710   0.97563   0.98694   1.00360   1.01200
   0.73777   0.79245   0.95823   0.98257   1.00466   1.01242   1.01292
   0.73485   0.78963   1.00060   0.99328   1.00656   1.01490   1.01333
   0.73716   0.78543   0.95281   0.99209   1.01379   1.01539   1.01333
   0.73777   0.78956   0.92706   0.99568   1.03468   1.01898   1.01361
   0.73779   0.79226   0.93445   0.93377   0.99605   1.02948   1.01440
   0.73783   0.79319   0.95479   0.96400   1.03726   1.06522   1.01807
   0.73810   0.79503   0.96202   0.97855   1.02494   1.06603   1.02128
   0.75719   0.84848   0.99838   0.99200   1.02656   1.06109   1.02134
   0.76910   0.86716   1.00422   0.99189   1.01446   1.02770   1.01833
   0.77482   0.81126   0.93517   0.97116   0.98438   0.99679   1.01621
   0.76042   0.82197   0.96936   0.97884   0.96639   0.97731   1.01241
   0.73849   0.79719   0.96486   1.00711   1.06946   1.03113   1.01520
   0.73612   0.78788   0.96167   1.06253   1.16040   1.05780   1.01424
   0.72865   0.77992   0.97125   1.08580   1.10849   1.01513   1.00578
   0.73407   0.78983   0.96319   0.99417   0.97606   0.98000   1.00623
   0.73778   0.79328   0.95990   0.97304   0.97288   0.99973   1.01201
   0.73778   0.79329   0.96008   0.98037   0.99886   1.01237   1.01321
   0.73779   0.79633   0.95731   0.98095   1.00701   1.01492   1.01333
   0.73777   0.78511   0.92272   0.98472   1.00988   1.01497   1.01333
   0.73779   0.78614   0.91388   0.95843   1.00373   1.01582   1.01340
   0.73778   0.79171   0.93929   0.94269   1.00673   1.02782   1.01361
   0.73778   0.79325   0.95738   0.96837   1.03683   1.05161   1.01521
   0.73789   0.79346   0.96012   0.98345   1.03742   1.05864   1.01804
   0.74302   0.79995   0.96148   0.98374   1.01669   1.03497   1.01602
   0.74498   0.79929   0.96076   0.98376   1.00765   1.01680   1.01405
   0.74986   0.79063   0.95749   0.98319   1.00438   1.01591   1.01561
   0.74771   0.79798   0.96042   0.97974   0.97529   0.99735   1.01416
   0.73808   0.79384   0.96061   0.99437   1.01101   1.00694   1.01317
   0.73778   0.79332   0.96466   1.04541   1.10710   1.03396   1.01355
   0.73778   0.79343   0.97507   1.07342   1.09448   1.02006   1.01202
   0.73778   0.79334   0.96486   0.99629   0.98260   0.99144   1.01029
   0.73778   0.79329   0.95991   0.97310   0.97704   1.00289   1.01230
   0.73778   0.79329   0.95999   0.97835   0.99636   1.01242   1.01326
