   17   16    7
 -24.00000   3.00000 -30.00000   4.00000  -1.00000   2.00000
   0.00941   0.04584   0.02313   0.00369   0.02560   0.02017   0.00104
   0.00209   0.02252   0.03729   0.01335   0.02743   0.03142   0.00347
   0.00009   0.01397   0.07252   0.04379   0.01618   0.01550   0.00315
   0.00492   0.04598   0.08271   0.09144   0.06110   0.02819   0.00408
   0.02373   0.22228   0.22673   0.13138   0.07858   0.03049   0.00509
   0.00964   0.11856   0.16625   0.08144   0.02948   0.01205   0.00295
   0.00022   0.00727   0.03094   0.03753   0.01822   0.01008   0.00352
   0.02196   0.06979   0.03799   0.01395   0.02045   0.01536   0.00426
   0.10742   0.27470   0.09367   0.01168   0.02450   0.01445   0.00260
   0.03853   0.09554   0.03137   0.01359   0.02644   0.01047   0.00149
   0.00019   0.00084   0.00248   0.01866   0.02414   0.00799   0.00110
   0.00003   0.00002   0.00107   0.00724   0.00839   0.00315   0.00040
   0.00002   0.00001   0.00045   0.00435   0.00513   0.00094   0.00004
   0.00000   0.00015   0.00382   0.01475   0.00926   0.00083   0.00001
   0.00000   0.00094   0.01235   0.02567   0.00897   0.00038   0.00000
   0.00001   0.00149   0.01723   0.02347   0.00407   0.00006   0.00000
   0.02258   0.16008   0.12996   0.01659   0.01676   0.01718   0.00152
   0.00929   0.09760   0.17672   0.05942   0.03774   0.05251   0.00871
   0.01445   0.03044   0.12383   0.10476   0.03804   0.04388   0.01299
   0.00601   0.02977   0.10865   0.15351   0.08853   0.05088   0.01363
   0.00560   0.12769   0.32015   0.27121   0.14821   0.06624   0.01580
   0.00273   0.09452   0.31896   0.24626   0.08409   0.03356   0.01038
   0.00012   0.01315   0.10586   0.13684   0.05135   0.02537   0.00968
   0.00903   0.07725   0.13158   0.08579   0.04734   0.02621   0.00716
   0.04356   0.27298   0.26169   0.06374   0.04084   0.02314   0.00490
   0.01883   0.10745   0.10667   0.03761   0.03828   0.01699   0.00308
   0.00319   0.00631   0.01129   0.03094   0.03545   0.01423   0.00235
   0.02096   0.02532   0.00780   0.01288   0.01653   0.00788   0.00129
   0.01623   0.01541   0.00343   0.00884   0.01546   0.00566   0.00046
   0.00436   0.00487   0.00616   0.02038   0.02319   0.00527   0.00022
   0.00697   0.00588   0.01033   0.03320   0.02578   0.00319   0.00005
   0.00083   0.00108   0.00934   0.02137   0.00814   0.00039   0.00000
   0.00433   0.05390   0.08337   0.02375   0.00717   0.00832   0.00144
   0.03532   0.06851   0.19758   0.13495   0.03690   0.03868   0.00912
   0.17225   0.18168   0.20151   0.22274   0.08414   0.06475   0.02233
   0.10130   0.18003   0.21044   0.24707   0.12879   0.07156   0.02989
   0.02481   0.06596   0.24452   0.37481   0.20988   0.09715   0.03383
   0.00257   0.02576   0.24274   0.41637   0.19443   0.07273   0.02497
   0.00157   0.00770   0.13566   0.28646   0.13554   0.05130   0.01911
   0.00109   0.03149   0.16485   0.22646   0.10533   0.04016   0.01138
   0.02231   0.12768   0.28949   0.17805   0.07506   0.03257   0.00817
   0.13577   0.13519   0.16919   0.10449   0.05127   0.02326   0.00520
   0.08011   0.07132   0.06710   0.05988   0.04275   0.02095   0.00427
   0.08937   0.17416   0.08587   0.03194   0.02471   0.01506   0.00343
   0.06422   0.10572   0.05458   0.02277   0.02027   0.01261   0.00181
   0.07414   0.13920   0.06257   0.02045   0.03178   0.01503   0.00117
   0.10724   0.11924   0.02555   0.01766   0.02684   0.00714   0.00021
   0.01106   0.00812   0.00296   0.00853   0.00537   0.00049   0.00000
   0.00001   0.00134   0.01087   0.02196   0.01250   0.00585   0.00132
   0.02930   0.02033   0.04397   0.08637   0.04185   0.01988   0.00546
   0.17353   0.21692   0.15961   0.21209   0.13767   0.05864   0.01900
   0.20210   0.37557   0.40807   0.37345   0.24986   0.10410   0.03962
   0.09775   0.22616   0.39926   0.53078   0.34508   0.15488   0.06632
   0.03160   0.05383   0.22166   0.54592   0.37096   0.15744   0.06178
   0.02794   0.03301   0.13117   0.42490   0.29192   0.11443   0.04281
   0.00217   0.02283   0.16535   0.34821   0.21851   0.08309   0.02748
   0.04301   0.14925   0.30633   0.31230   0.15090   0.05814   0.01638
   0.27759   0.37240   0.28976   0.22705   0.09019   0.03617   0.01029
   0.15391   0.18812   0.19822   0.15191   0.06032   0.03120   0.00927
   0.04602   0.16767   0.22869   0.11792   0.03673   0.02066   0.00654
   0.03271   0.13913   0.22228   0.09295   0.02858   0.02099   0.00436
   0.08818   0.28690   0.23813   0.04910   0.02765   0.02085   0.00244
   0.09804   0.16818   0.06330   0.01037   0.01299   0.00554   0.00028
   0.00850   0.00799   0.00134   0.00217   0.00235   0.00032   0.00000
   0.00000   0.00103   0.01494   0.04453   0.01966   0.00284   0.00131
   0.01704   0.01122   0.01465   0.06890   0.05628   0.01113   0.00315
   0.13334   0.15374   0.08015   0.10951   0.14114   0.04739   0.01119
   0.14582   0.30453   0.32324   0.31080   0.32295   0.14390   0.03609
   0.04622   0.20160   0.45894   0.62440   0.55508   0.28184   0.09637
   0.02981   0.07888   0.29606   0.65785   0.59531   0.32444   0.12063
   0.03097   0.07729   0.21079   0.56709   0.48693   0.23811   0.09169
   0.00369   0.04935   0.26196   0.49747   0.38266   0.16597   0.05999
   0.01550   0.14608   0.43261   0.47325   0.27359   0.11024   0.03375
   0.07568   0.28469   0.46065   0.42556   0.18891   0.06310   0.02090
   0.05488   0.16271   0.31792   0.32993   0.11784   0.04240   0.01526
   0.02359   0.08626   0.25821   0.26390   0.07511   0.02801   0.00994
   0.02852   0.08234   0.25006   0.19752   0.05020   0.02739   0.00780
   0.01794   0.09049   0.17978   0.08401   0.02196   0.01500   0.00280
   0.00649   0.02766   0.02945   0.01034   0.00813   0.00325   0.00021
   0.00044   0.00071   0.00042   0.00168   0.00288   0.00063   0.00009
   0.00045   0.03122   0.10088   0.07188   0.02100   0.00188   0.00087
   0.00281   0.01570   0.09228   0.13343   0.06124   0.00736   0.00221
   0.05556   0.07420   0.07820   0.13877   0.12626   0.03312   0.00624
   0.10393   0.21362   0.23223   0.24311   0.26151   0.12795   0.03015
   0.04451   0.14008   0.34141   0.54661   0.58656   0.33229   0.08773
   0.01704   0.06298   0.28786   0.69355   0.78778   0.47292   0.13617
   0.00854   0.05598   0.27078   0.64097   0.69232   0.39790   0.13391
   0.00895   0.07017   0.35200   0.63320   0.58239   0.28993   0.09803
   0.02997   0.14528   0.51465   0.65066   0.45569   0.19798   0.06169
   0.04009   0.23160   0.58283   0.60954   0.36272   0.12866   0.03871
   0.04206   0.24906   0.50262   0.48691   0.26112   0.08004   0.02295
   0.08849   0.26508   0.35736   0.35233   0.16981   0.04755   0.01425
   0.17611   0.20350   0.21409   0.22002   0.08548   0.02662   0.00827
   0.05187   0.08575   0.11484   0.07689   0.02543   0.00933   0.00189
   0.05570   0.07871   0.03436   0.01193   0.01008   0.00376   0.00031
   0.04014   0.02153   0.00343   0.00321   0.00570   0.00195   0.00024
   0.00140   0.09387   0.25288   0.09701   0.02269   0.00215   0.00012
   0.00025   0.04674   0.28482   0.24552   0.06489   0.00985   0.00074
   0.00372   0.01411   0.14526   0.29978   0.13124   0.02622   0.00397
   0.01448   0.04949   0.13182   0.31483   0.25064   0.09447   0.02566
   0.02708   0.08137   0.24669   0.48993   0.51735   0.27684   0.06505
   0.02006   0.07465   0.29812   0.64952   0.81460   0.52011   0.11951
   0.01476   0.06329   0.28479   0.67630   0.86872   0.56107   0.14367
   0.05660   0.13978   0.36541   0.70233   0.77073   0.42858   0.11331
   0.20495   0.30820   0.50457   0.68911   0.63401   0.30568   0.07892
   0.15309   0.37073   0.60751   0.62449   0.54314   0.23208   0.05522
   0.08209   0.34244   0.61935   0.52734   0.39950   0.15686   0.03500
   0.07701   0.33379   0.50335   0.37153   0.23576   0.08106   0.02013
   0.13413   0.24297   0.30167   0.22786   0.10435   0.02961   0.00786
   0.05541   0.17139   0.23566   0.10601   0.02753   0.01039   0.00259
   0.15166   0.23839   0.12637   0.03087   0.00766   0.00580   0.00137
   0.11005   0.06955   0.02236   0.00895   0.00342   0.00327   0.00072
   0.00034   0.02892   0.09659   0.04601   0.00880   0.00106   0.00004
   0.00006   0.01743   0.14191   0.16507   0.05168   0.00841   0.00046
   0.00187   0.00575   0.09417   0.25287   0.14902   0.03734   0.00533
   0.01389   0.03042   0.08925   0.26967   0.27070   0.11599   0.02792
   0.01499   0.06229   0.18019   0.34876   0.42853   0.25865   0.06058
   0.01257   0.06985   0.26120   0.48987   0.66053   0.48740   0.11612
   0.01076   0.07483   0.28886   0.64930   0.92275   0.67999   0.17144
   0.06299   0.17234   0.39232   0.78065   1.00000   0.63652   0.14974
   0.17984   0.34400   0.55047   0.73161   0.82908   0.48069   0.09642
   0.10987   0.32947   0.63668   0.65579   0.70889   0.36815   0.06911
   0.05180   0.24404   0.56624   0.56422   0.52595   0.26068   0.05302
   0.01691   0.15323   0.42626   0.42368   0.30947   0.13615   0.03121
   0.01059   0.09666   0.28284   0.28922   0.15421   0.05305   0.01325
   0.00872   0.07998   0.21868   0.17175   0.05990   0.02395   0.00727
   0.03214   0.08795   0.12710   0.08539   0.02292   0.01332   0.00547
   0.02097   0.02407   0.04960   0.04444   0.00933   0.00712   0.00302
   0.00001   0.00040   0.00292   0.00296   0.00075   0.00026   0.00004
   0.00019   0.00308   0.01331   0.02204   0.01093   0.00273   0.00040
   0.01323   0.02007   0.05375   0.07999   0.06487   0.03033   0.00606
   0.08632   0.10590   0.11713   0.15769   0.17857   0.10167   0.02304
   0.05668   0.13624   0.20263   0.25493   0.31813   0.21737   0.05280
   0.01944   0.07440   0.22730   0.39307   0.49906   0.41169   0.10176
   0.01238   0.06436   0.22164   0.52595   0.79540   0.64969   0.16765
   0.11811   0.19803   0.32944   0.66404   0.97639   0.74069   0.17619
   0.12780   0.24045   0.44839   0.69056   0.88602   0.61169   0.12421
   0.01965   0.14490   0.47744   0.66781   0.82879   0.48555   0.08582
   0.01147   0.11370   0.39650   0.60878   0.66506   0.34438   0.06385
   0.01141   0.09275   0.34829   0.50776   0.41542   0.19061   0.04069
   0.02885   0.17157   0.32049   0.30983   0.22963   0.10504   0.02536
   0.05861   0.15242   0.16857   0.16884   0.13313   0.06907   0.01807
   0.01450   0.04593   0.08634   0.10913   0.07025   0.03838   0.01293
   0.00759   0.02601   0.04618   0.06440   0.02482   0.01511   0.00649
   0.00246   0.00156   0.00026   0.00005   0.00006   0.00004   0.00000
   0.03185   0.05309   0.02690   0.00439   0.00444   0.00436   0.00051
   0.03678   0.13362   0.15511   0.05586   0.03679   0.03268   0.00525
   0.04306   0.09926   0.20897   0.17115   0.12355   0.07155   0.01369
   0.02360   0.06475   0.17187   0.25858   0.27643   0.16413   0.03312
   0.01093   0.03991   0.14151   0.32145   0.45020   0.33046   0.06974
   0.01039   0.03914   0.12426   0.38235   0.64841   0.49726   0.11173
   0.05633   0.09652   0.21176   0.48944   0.79410   0.60825   0.12866
   0.06095   0.15301   0.36957   0.60156   0.85707   0.60593   0.10995
   0.01611   0.13986   0.36948   0.57099   0.83268   0.54142   0.09620
   0.03083   0.14046   0.31466   0.47958   0.59818   0.39197   0.08170
   0.05613   0.13433   0.30445   0.39718   0.35832   0.22504   0.05775
   0.06738   0.24051   0.32564   0.23440   0.20874   0.13163   0.04165
   0.16284   0.28320   0.16113   0.12261   0.13580   0.10219   0.03352
   0.04229   0.07570   0.06917   0.07732   0.07905   0.07490   0.02233
   0.01912   0.05284   0.03218   0.03396   0.03073   0.03364   0.00900
   0.01816   0.00723   0.00053   0.00031   0.00084   0.00025   0.00000
   0.19951   0.17876   0.04542   0.00725   0.01842   0.00931   0.00056
   0.15768   0.33574   0.23742   0.06722   0.07013   0.04085   0.00382
   0.01069   0.10445   0.24942   0.19790   0.16188   0.08730   0.01093
   0.00273   0.01558   0.11494   0.24717   0.27849   0.15755   0.02475
   0.02515   0.03664   0.09376   0.27129   0.37815   0.22766   0.04292
   0.01834   0.03802   0.10279   0.34670   0.47757   0.27928   0.05612
   0.00277   0.02271   0.12211   0.39534   0.57433   0.33056   0.05716
   0.03841   0.16812   0.29530   0.45298   0.67951   0.41966   0.06116
   0.12713   0.34304   0.35480   0.44600   0.68866   0.45999   0.07202
   0.08433   0.19403   0.26787   0.38185   0.50258   0.40718   0.08845
   0.12162   0.15701   0.24249   0.29346   0.29874   0.24610   0.08558
   0.03808   0.11620   0.20758   0.17545   0.16593   0.11574   0.07729
   0.05375   0.13174   0.10685   0.10853   0.09917   0.08443   0.06804
   0.01999   0.03214   0.03358   0.07942   0.06636   0.09261   0.04655
   0.00371   0.00966   0.01807   0.04022   0.04106   0.06586   0.01880
   0.00907   0.00299   0.00065   0.00460   0.00465   0.00055   0.00001
   0.09405   0.06771   0.01569   0.03037   0.04871   0.01059   0.00034
   0.06905   0.11828   0.07689   0.06728   0.13884   0.04637   0.00234
   0.00382   0.03427   0.08458   0.09744   0.19529   0.10307   0.00866
   0.00189   0.02565   0.09277   0.12779   0.18055   0.13119   0.01851
   0.00869   0.03805   0.15967   0.22291   0.20907   0.14117   0.02858
   0.00544   0.01778   0.16329   0.35738   0.26544   0.15003   0.03597
   0.00083   0.00764   0.11614   0.35541   0.32026   0.16490   0.03567
   0.04687   0.09601   0.13496   0.28355   0.35655   0.21089   0.03764
   0.18328   0.25972   0.16104   0.24855   0.35361   0.24454   0.04065
   0.06052   0.08809   0.14645   0.26525   0.28526   0.23041   0.05139
   0.02393   0.04624   0.16353   0.20719   0.19832   0.16934   0.06598
   0.01304   0.07209   0.13630   0.12657   0.13420   0.10799   0.08305
   0.07122   0.14724   0.09409   0.12007   0.09503   0.09221   0.09186
   0.05689   0.06071   0.06151   0.11638   0.05646   0.10268   0.06896
   0.00263   0.00677   0.04666   0.05614   0.03244   0.07923   0.02881
   0.00009   0.00047   0.01205   0.02968   0.01038   0.00040   0.00000
   0.00095   0.00103   0.02292   0.11568   0.08122   0.00754   0.00013
   0.00072   0.00162   0.01115   0.12131   0.18028   0.03755   0.00144
   0.00503   0.01005   0.00954   0.05090   0.16936   0.07714   0.00610
   0.04773   0.13259   0.11003   0.04823   0.13643   0.10772   0.01311
   0.03255   0.16736   0.26320   0.13565   0.13002   0.13382   0.02537
   0.00163   0.04822   0.26693   0.27016   0.12442   0.12721   0.03096
   0.00068   0.02767   0.23622   0.31096   0.12958   0.09487   0.02617
   0.00515   0.01567   0.12625   0.22740   0.14345   0.08099   0.01953
   0.02014   0.02106   0.04686   0.11808   0.14950   0.10501   0.01630
   0.00603   0.02187   0.12507   0.16771   0.13995   0.10543   0.01758
   0.00356   0.08297   0.24197   0.17163   0.11560   0.07969   0.02094
   0.00841   0.07958   0.12379   0.06852   0.05749   0.04635   0.02797
   0.02452   0.03809   0.03020   0.05041   0.03519   0.04388   0.03571
   0.02203   0.02204   0.05900   0.07737   0.02943   0.05538   0.03160
   0.00123   0.01675   0.07549   0.04846   0.01972   0.04644   0.01558
   0.00009   0.01481   0.09221   0.07858   0.00979   0.00015   0.00001
   0.00001   0.00643   0.09537   0.18743   0.06446   0.00354   0.00021
   0.00000   0.00043   0.02252   0.13116   0.13138   0.02096   0.00122
   0.02126   0.01420   0.00489   0.06387   0.17237   0.06005   0.00415
   0.17869   0.18310   0.05417   0.03844   0.16559   0.10609   0.01061
   0.10244   0.19215   0.12845   0.03857   0.09989   0.11850   0.01919
   0.00930   0.11899   0.24388   0.09516   0.04555   0.07746   0.01630
   0.01038   0.16442   0.38357   0.17161   0.03526   0.03987   0.00949
   0.00167   0.04680   0.17861   0.13818   0.04431   0.02530   0.00564
   0.00014   0.00624   0.03183   0.04520   0.06571   0.04855   0.00570
   0.00047   0.01551   0.05365   0.04933   0.10039   0.07756   0.00743
   0.03139   0.16984   0.19952   0.08609   0.11046   0.06621   0.00727
   0.10466   0.25348   0.14414   0.04397   0.05654   0.03262   0.00758
   0.02998   0.04045   0.01351   0.00690   0.01204   0.01634   0.00729
   0.00018   0.00132   0.00814   0.00794   0.00702   0.01408   0.00508
   0.00004   0.00473   0.01620   0.00780   0.00560   0.00932   0.00214
   0.00114   0.05711   0.16348   0.06237   0.00333   0.00007   0.00001
   0.00015   0.01869   0.11900   0.12954   0.03028   0.00135   0.00009
   0.00000   0.00124   0.03568   0.15668   0.11363   0.01138   0.00050
   0.00764   0.00277   0.00890   0.11816   0.17895   0.03912   0.00225
   0.05875   0.03035   0.00478   0.04204   0.13156   0.06919   0.00703
   0.03175   0.03242   0.01307   0.00746   0.05231   0.06229   0.00939
   0.08510   0.22996   0.13339   0.01472   0.01588   0.03200   0.00594
   0.13247   0.40463   0.28101   0.04196   0.00788   0.01309   0.00281
   0.02098   0.10272   0.11885   0.03431   0.00897   0.00799   0.00150
   0.00340   0.01780   0.02224   0.01283   0.02811   0.02032   0.00214
   0.00023   0.00294   0.00551   0.02151   0.09401   0.05080   0.00281
   0.03546   0.07065   0.03497   0.04784   0.13082   0.05412   0.00315
   0.16694   0.17543   0.04229   0.04382   0.08388   0.03096   0.00367
   0.05923   0.04053   0.00551   0.00847   0.02037   0.01534   0.00369
   0.00022   0.00007   0.00012   0.00185   0.00646   0.00785   0.00190
   0.00000   0.00003   0.00008   0.00049   0.00250   0.00425   0.00076
   0.00202   0.04371   0.07213   0.01675   0.00067   0.00001   0.00000
   0.00030   0.01678   0.08582   0.08701   0.01525   0.00026   0.00000
   0.00000   0.00245   0.06618   0.17923   0.06859   0.00383   0.00025
   0.00004   0.00021   0.02080   0.12065   0.09724   0.01744   0.00150
   0.00023   0.00003   0.00145   0.02622   0.06149   0.03661   0.00409
   0.00276   0.00319   0.00074   0.00189   0.02112   0.02917   0.00412
   0.12600   0.13492   0.02439   0.00072   0.00715   0.01442   0.00248
   0.19502   0.23400   0.05367   0.00225   0.00159   0.00361   0.00079
   0.04941   0.07109   0.02432   0.00204   0.00186   0.00216   0.00028
   0.01536   0.02009   0.00676   0.00288   0.01108   0.00743   0.00062
   0.00016   0.00039   0.00058   0.02055   0.06287   0.02136   0.00081
   0.00362   0.00280   0.00284   0.06191   0.12737   0.03016   0.00115
   0.02201   0.01166   0.00594   0.06651   0.09486   0.01934   0.00131
   0.00900   0.00371   0.00167   0.01790   0.03153   0.01361   0.00197
   0.00004   0.00001   0.00017   0.00329   0.01073   0.00798   0.00111
   0.00000   0.00000   0.00006   0.00102   0.00246   0.00176   0.00020
   0.00042   0.00714   0.01271   0.00407   0.00013   0.00000   0.00000
   0.00006   0.00753   0.05980   0.05174   0.00444   0.00004   0.00000
   0.00000   0.00447   0.07821   0.11544   0.02101   0.00131   0.00010
   0.00000   0.00049   0.01976   0.05850   0.02936   0.00838   0.00066
   0.00000   0.00000   0.00066   0.00713   0.01973   0.01786   0.00165
   0.00033   0.00018   0.00001   0.00042   0.00917   0.01338   0.00146
   0.01619   0.00913   0.00049   0.00009   0.00345   0.00565   0.00074
   0.02614   0.01564   0.00106   0.00001   0.00031   0.00059   0.00010
   0.02010   0.01065   0.00097   0.00005   0.00039   0.00045   0.00004
   0.00895   0.00443   0.00041   0.00088   0.00352   0.00193   0.00009
   0.00008   0.00005   0.00037   0.01223   0.02383   0.00559   0.00016
   0.00000   0.00000   0.00293   0.05386   0.07197   0.00955   0.00026
   0.00000   0.00001   0.00625   0.06254   0.06082   0.00648   0.00021
   0.00000   0.00000   0.00218   0.02037   0.02530   0.00607   0.00052
   0.00000   0.00000   0.00020   0.00405   0.01120   0.00574   0.00047
   0.00000   0.00000   0.00011   0.00148   0.00317   0.00162   0.00010
   0.00636   0.04552   0.03129   0.00536   0.01902   0.01003   0.00028
   0.00113   0.01952   0.04641   0.02182   0.02489   0.01945   0.00137
   0.00004   0.01053   0.07536   0.06310   0.02159   0.01254   0.00165
   0.00421   0.04489   0.07321   0.08519   0.06660   0.02981   0.00368
   0.01884   0.21942   0.23775   0.09554   0.08290   0.03403   0.00438
   0.00723   0.11186   0.16954   0.06629   0.03347   0.01178   0.00131
   0.00019   0.00689   0.02894   0.02968   0.01055   0.00305   0.00057
   0.02206   0.08211   0.05181   0.01213   0.00484   0.00178   0.00029
   0.11236   0.32151   0.12450   0.00987   0.00324   0.00127   0.00012
   0.04321   0.11548   0.03845   0.00279   0.00254   0.00113   0.00027
   0.00030   0.00120   0.00097   0.00148   0.00141   0.00043   0.00021
   0.00003   0.00002   0.00022   0.00093   0.00085   0.00023   0.00002
   0.00003   0.00001   0.00014   0.00103   0.00114   0.00018   0.00000
   0.00000   0.00009   0.00198   0.00518   0.00247   0.00016   0.00000
   0.00000   0.00054   0.00721   0.01089   0.00257   0.00005   0.00000
   0.00000   0.00098   0.00986   0.01004   0.00117   0.00001   0.00000
   0.01561   0.15031   0.15160   0.02446   0.01317   0.00864   0.00040
   0.00632   0.07995   0.19451   0.09092   0.03840   0.03213   0.00336
   0.01337   0.02283   0.11756   0.14416   0.05456   0.03551   0.00704
   0.00544   0.02781   0.09250   0.15222   0.10342   0.05464   0.01179
   0.00403   0.11853   0.32100   0.23174   0.14509   0.07375   0.01433
   0.00176   0.08226   0.30914   0.22680   0.09530   0.04029   0.00572
   0.00009   0.01197   0.10105   0.12897   0.04375   0.01256   0.00194
   0.00766   0.07677   0.15358   0.09707   0.02406   0.00436   0.00088
   0.04197   0.29040   0.31687   0.08306   0.01159   0.00268   0.00042
   0.02166   0.13237   0.12835   0.02313   0.00504   0.00215   0.00050
   0.00369   0.00782   0.00901   0.00419   0.00260   0.00115   0.00019
   0.02235   0.02700   0.00620   0.00226   0.00267   0.00135   0.00010
   0.01767   0.01707   0.00308   0.00342   0.00448   0.00148   0.00006
   0.00451   0.00450   0.00402   0.01008   0.00796   0.00119   0.00001
   0.00731   0.00547   0.00644   0.01688   0.00947   0.00072   0.00000
   0.00088   0.00077   0.00463   0.00887   0.00265   0.00008   0.00000
   0.00281   0.04321   0.07726   0.02616   0.00679   0.00382   0.00030
   0.03123   0.05383   0.18399   0.15990   0.04500   0.02339   0.00332
   0.15253   0.16496   0.18241   0.26865   0.12477   0.05436   0.01207
   0.09378   0.16459   0.19016   0.26162   0.17384   0.08155   0.02487
   0.02604   0.06213   0.22409   0.34106   0.20876   0.10734   0.03122
   0.00307   0.02224   0.21623   0.37920   0.20640   0.08774   0.01769
   0.00199   0.00721   0.12264   0.26909   0.14383   0.04574   0.00863
   0.00071   0.02338   0.15493   0.24938   0.10104   0.01843   0.00383
   0.02359   0.12426   0.30597   0.21868   0.05905   0.00981   0.00203
   0.16187   0.17711   0.20851   0.09130   0.02063   0.00568   0.00134
   0.09656   0.08605   0.06946   0.03187   0.01007   0.00374   0.00074
   0.09496   0.18976   0.09205   0.02043   0.00697   0.00369   0.00067
   0.06988   0.11576   0.05280   0.01600   0.00793   0.00356   0.00029
   0.08021   0.14191   0.05590   0.01432   0.01474   0.00457   0.00015
   0.11687   0.12554   0.02347   0.00960   0.01094   0.00208   0.00003
   0.01213   0.00871   0.00148   0.00287   0.00157   0.00011   0.00000
   0.00001   0.00063   0.00611   0.01619   0.01148   0.00211   0.00034
   0.02709   0.01815   0.03024   0.06942   0.04003   0.01124   0.00153
   0.15681   0.19690   0.14482   0.20451   0.15548   0.04953   0.00972
   0.19380   0.34120   0.37818   0.39302   0.31296   0.12066   0.03401
   0.09808   0.21633   0.35803   0.50888   0.38472   0.18059   0.06462
   0.03721   0.06095   0.19726   0.47004   0.37401   0.18296   0.05719
   0.03216   0.04228   0.12220   0.35972   0.29547   0.13333   0.03644
   0.00206   0.01808   0.14112   0.35236   0.24649   0.07425   0.01840
   0.04447   0.15383   0.31170   0.34585   0.17131   0.04236   0.00913
   0.31740   0.46422   0.36727   0.22179   0.07414   0.01967   0.00463
   0.18274   0.23645   0.22053   0.12873   0.03898   0.01167   0.00321
   0.04806   0.18454   0.24426   0.10603   0.02387   0.00744   0.00196
   0.03540   0.16036   0.22323   0.08228   0.01957   0.00860   0.00126
   0.10097   0.32527   0.24195   0.04515   0.01573   0.00782   0.00065
   0.11129   0.18796   0.06605   0.00726   0.00467   0.00158   0.00006
   0.00957   0.00899   0.00133   0.00067   0.00053   0.00005   0.00000
   0.00000   0.00056   0.01011   0.04345   0.02820   0.00224   0.00030
   0.01854   0.01293   0.00945   0.05699   0.06707   0.01151   0.00082
   0.13776   0.16792   0.08815   0.08826   0.13721   0.04844   0.00593
   0.14065   0.29527   0.32780   0.31680   0.33897   0.15734   0.03327
   0.04321   0.17791   0.41109   0.61715   0.60666   0.32071   0.09804
   0.03272   0.08181   0.25886   0.57326   0.59617   0.36547   0.11994
   0.03166   0.08489   0.20776   0.47006   0.46983   0.28697   0.09340
   0.00308   0.04383   0.24668   0.45997   0.40159   0.18647   0.05882
   0.01417   0.13966   0.43804   0.47681   0.29028   0.10922   0.03150
   0.07763   0.32447   0.54160   0.42546   0.17281   0.05259   0.01665
   0.06053   0.19143   0.35691   0.32341   0.10394   0.02845   0.00878
   0.02264   0.09679   0.29620   0.26659   0.06432   0.01753   0.00500
   0.02867   0.11550   0.29206   0.19348   0.04171   0.01484   0.00363
   0.02109   0.11890   0.19906   0.08291   0.01474   0.00564   0.00087
   0.00793   0.03373   0.03341   0.00901   0.00278   0.00064   0.00003
   0.00049   0.00084   0.00042   0.00080   0.00109   0.00017   0.00000
   0.00037   0.02385   0.08509   0.07199   0.02667   0.00236   0.00015
   0.00299   0.01276   0.07029   0.11909   0.08103   0.01402   0.00120
   0.05555   0.07967   0.07671   0.11161   0.13806   0.05066   0.00624
   0.09802   0.20998   0.25496   0.25034   0.26070   0.14787   0.03108
   0.04203   0.12478   0.32174   0.56435   0.61269   0.36084   0.09129
   0.01605   0.05909   0.24599   0.62089   0.78257   0.50727   0.13149
   0.00752   0.05209   0.24189   0.54453   0.66354   0.44309   0.12924
   0.00963   0.06520   0.32202   0.55836   0.57253   0.32740   0.10616
   0.03377   0.14047   0.49178   0.61771   0.44917   0.19680   0.06559
   0.04148   0.23482   0.60012   0.65180   0.37063   0.11061   0.03524
   0.04456   0.25032   0.52042   0.55520   0.26654   0.06384   0.01817
   0.08068   0.27694   0.41831   0.38935   0.15577   0.03597   0.01041
   0.18855   0.25181   0.23888   0.21752   0.07849   0.01712   0.00470
   0.06050   0.08932   0.10898   0.07845   0.01993   0.00365   0.00076
   0.05312   0.07544   0.03589   0.01026   0.00398   0.00111   0.00013
   0.03983   0.02274   0.00353   0.00126   0.00186   0.00070   0.00005
   0.00133   0.08535   0.23577   0.09529   0.01962   0.00168   0.00004
   0.00025   0.04283   0.25882   0.21965   0.05820   0.00952   0.00065
   0.00341   0.01350   0.13443   0.25841   0.11014   0.02816   0.00431
   0.01256   0.04345   0.13398   0.29988   0.21991   0.09669   0.02506
   0.02437   0.06962   0.23783   0.50287   0.51067   0.28679   0.06977
   0.01901   0.06768   0.27193   0.62127   0.81923   0.54389   0.11749
   0.01650   0.06354   0.25921   0.59915   0.82637   0.58261   0.13334
   0.06945   0.15486   0.34301   0.62112   0.72882   0.45644   0.11882
   0.24777   0.34669   0.48468   0.66880   0.66806   0.31595   0.08024
   0.17085   0.39762   0.59321   0.67561   0.62480   0.21506   0.04637
   0.09642   0.36054   0.61087   0.60135   0.45425   0.14065   0.02828
   0.07643   0.34834   0.53715   0.42741   0.26201   0.07317   0.01501
   0.14448   0.27618   0.30641   0.26591   0.12447   0.02393   0.00446
   0.05985   0.16201   0.23709   0.14668   0.03418   0.00623   0.00096
   0.14462   0.23853   0.14455   0.04196   0.00704   0.00343   0.00051
   0.10959   0.07492   0.02303   0.00957   0.00243   0.00192   0.00024
   0.00036   0.03029   0.10312   0.04967   0.00799   0.00069   0.00002
   0.00006   0.01838   0.14999   0.16983   0.04905   0.00698   0.00038
   0.00205   0.00651   0.10338   0.25853   0.13441   0.03201   0.00422
   0.01443   0.03065   0.09906   0.28897   0.24366   0.10102   0.02478
   0.01576   0.05500   0.16458   0.36336   0.41422   0.24325   0.06046
   0.01368   0.06461   0.22951   0.48275   0.66808   0.48239   0.10836
   0.01136   0.08029   0.28907   0.62450   0.89287   0.68233   0.15450
   0.07852   0.21820   0.43379   0.74753   0.94532   0.63962   0.14122
   0.21606   0.40759   0.59170   0.73402   0.84492   0.49699   0.09479
   0.11595   0.34472   0.66310   0.68339   0.75829   0.37737   0.06344
   0.05862   0.24931   0.55329   0.57995   0.58747   0.27448   0.04549
   0.01927   0.14124   0.39209   0.46026   0.37096   0.13752   0.02161
   0.01040   0.08429   0.24614   0.33141   0.19704   0.04326   0.00597
   0.00753   0.06199   0.18636   0.20605   0.07907   0.01460   0.00161
   0.02900   0.07790   0.11573   0.10535   0.03279   0.00712   0.00080
   0.02041   0.02181   0.04239   0.05619   0.01358   0.00352   0.00039
   0.00001   0.00049   0.00347   0.00337   0.00066   0.00006   0.00001
   0.00027   0.00413   0.01628   0.02563   0.01171   0.00222   0.00028
   0.01474   0.02427   0.06658   0.09605   0.07097   0.02764   0.00491
   0.09438   0.11201   0.12609   0.18668   0.19743   0.09809   0.02159
   0.06449   0.14274   0.18869   0.26287   0.34102   0.20528   0.04969
   0.02430   0.08358   0.21769   0.38213   0.49660   0.37504   0.08896
   0.01409   0.07033   0.23468   0.54250   0.79090   0.63620   0.14909
   0.14246   0.24176   0.37134   0.70874   1.00000   0.74293   0.16102
   0.14990   0.27995   0.49133   0.74500   0.90703   0.61888   0.12400
   0.01772   0.13840   0.51681   0.71780   0.83465   0.50337   0.08630
   0.01121   0.10770   0.39884   0.58968   0.67163   0.36191   0.05716
   0.01389   0.07168   0.28177   0.48422   0.44471   0.18353   0.02784
   0.02133   0.12824   0.27334   0.32521   0.26799   0.08257   0.01232
   0.04929   0.13527   0.15003   0.18714   0.16318   0.04614   0.00744
   0.01288   0.03887   0.07342   0.12827   0.08351   0.02265   0.00556
   0.00649   0.02246   0.04237   0.07956   0.02881   0.00882   0.00327
   0.00292   0.00189   0.00027   0.00001   0.00003   0.00002   0.00000
   0.03692   0.06316   0.03305   0.00502   0.00376   0.00365   0.00039
   0.04104   0.14884   0.18209   0.06938   0.03631   0.03045   0.00481
   0.04916   0.10465   0.22171   0.19412   0.12048   0.06463   0.01323
   0.02869   0.07547   0.17500   0.27858   0.27207   0.13950   0.02999
   0.01341   0.04834   0.14966   0.34883   0.45396   0.30795   0.06433
   0.01127   0.04084   0.12778   0.40935   0.68241   0.50801   0.10451
   0.06660   0.10106   0.19942   0.51869   0.86397   0.62535   0.11954
   0.06965   0.15018   0.37359   0.65658   0.92617   0.61859   0.10699
   0.01258   0.13101   0.42215   0.63884   0.91309   0.57180   0.09494
   0.03415   0.15735   0.35537   0.50449   0.67056   0.41481   0.07230
   0.06772   0.13915   0.28835   0.43168   0.40553   0.22002   0.04479
   0.05840   0.21548   0.34752   0.28035   0.23392   0.11139   0.02913
   0.14864   0.28838   0.18660   0.13448   0.16324   0.07711   0.02177
   0.04062   0.07805   0.06946   0.07809   0.09295   0.05124   0.01402
   0.01815   0.05325   0.03038   0.03158   0.02956   0.02135   0.00621
   0.02132   0.00864   0.00064   0.00022   0.00066   0.00021   0.00000
   0.23150   0.20969   0.05429   0.00693   0.01734   0.00921   0.00046
   0.18021   0.38579   0.27747   0.06986   0.05936   0.03869   0.00373
   0.01196   0.11822   0.29081   0.21741   0.11677   0.06459   0.01049
   0.00334   0.01555   0.12723   0.29405   0.25843   0.13273   0.02383
   0.02999   0.04157   0.08907   0.30572   0.40146   0.22673   0.04198
   0.02089   0.04315   0.09181   0.35795   0.52961   0.29634   0.05502
   0.00229   0.01756   0.10715   0.40779   0.64435   0.34786   0.05424
   0.03347   0.15658   0.31830   0.48933   0.73876   0.42412   0.05507
   0.12382   0.37354   0.42810   0.47516   0.76140   0.47520   0.06659
   0.09598   0.23319   0.29807   0.38275   0.57163   0.41963   0.07492
   0.14692   0.17379   0.21646   0.30075   0.32415   0.23886   0.06174
   0.03893   0.10063   0.20575   0.18999   0.16080   0.10497   0.04587
   0.04937   0.13065   0.11640   0.08882   0.10459   0.07026   0.03209
   0.01952   0.03416   0.02648   0.06566   0.09034   0.06308   0.01574
   0.00381   0.00992   0.01183   0.03763   0.05410   0.03688   0.00454
   0.01066   0.00356   0.00052   0.00389   0.00456   0.00058   0.00000
   0.11035   0.08081   0.01766   0.02284   0.04546   0.01130   0.00024
   0.08120   0.14313   0.09356   0.04445   0.09493   0.04051   0.00213
   0.00451   0.04172   0.10707   0.09553   0.14031   0.09480   0.00899
   0.00161   0.02098   0.10817   0.16427   0.18320   0.13953   0.01935
   0.01014   0.03156   0.15634   0.26879   0.23877   0.14662   0.02682
   0.00649   0.01484   0.13231   0.39001   0.32791   0.15964   0.03189
   0.00061   0.00535   0.09372   0.37491   0.39249   0.17771   0.03145
   0.04796   0.10656   0.14621   0.30115   0.41156   0.21581   0.03280
   0.19905   0.31196   0.18869   0.25533   0.40841   0.24485   0.03477
   0.06847   0.10571   0.13883   0.27435   0.34531   0.23535   0.04136
   0.02822   0.04192   0.14547   0.21624   0.21948   0.16550   0.04184
   0.01200   0.06100   0.14038   0.13694   0.14545   0.10721   0.04178
   0.06742   0.14979   0.10307   0.10459   0.11176   0.08704   0.03933
   0.05702   0.06437   0.04494   0.09555   0.07952   0.07846   0.02440
   0.00272   0.00431   0.03063   0.05425   0.05097   0.04945   0.00822
   0.00011   0.00028   0.00833   0.02534   0.01114   0.00050   0.00000
   0.00116   0.00103   0.01132   0.07701   0.07025   0.00786   0.00006
   0.00091   0.00217   0.00578   0.07728   0.15621   0.04133   0.00106
   0.00555   0.01243   0.01317   0.04702   0.18517   0.09507   0.00530
   0.04987   0.14733   0.14684   0.06193   0.14062   0.11430   0.01127
   0.03202   0.16746   0.30710   0.18583   0.12646   0.11652   0.01749
   0.00136   0.03657   0.25321   0.33515   0.14806   0.10570   0.02046
   0.00051   0.01875   0.21642   0.36984   0.16961   0.08398   0.01844
   0.00572   0.01458   0.12076   0.26508   0.17983   0.07710   0.01509
   0.02330   0.02579   0.04388   0.13154   0.16421   0.09029   0.01236
   0.00700   0.01878   0.11179   0.19123   0.16058   0.10009   0.01525
   0.00264   0.07022   0.24624   0.19791   0.11585   0.07476   0.01477
   0.00690   0.07306   0.13622   0.07643   0.06153   0.04307   0.01329
   0.02442   0.04084   0.03508   0.06743   0.06244   0.04275   0.01444
   0.02275   0.02337   0.05962   0.09774   0.05269   0.04486   0.01076
   0.00127   0.01434   0.07197   0.05932   0.03183   0.03075   0.00433
   0.00003   0.00786   0.06526   0.07010   0.01108   0.00014   0.00000
   0.00000   0.00339   0.06839   0.17367   0.07326   0.00381   0.00003
   0.00000   0.00026   0.02085   0.15374   0.16747   0.02484   0.00044
   0.02526   0.01881   0.00612   0.06650   0.17506   0.05586   0.00199
   0.20644   0.22942   0.08005   0.02916   0.12342   0.07546   0.00499
   0.11400   0.22453   0.17183   0.05092   0.07725   0.08112   0.00928
   0.00758   0.10617   0.26424   0.13084   0.04501   0.05678   0.00949
   0.00817   0.14797   0.41674   0.23034   0.04277   0.03232   0.00639
   0.00134   0.04324   0.19617   0.17692   0.05084   0.02197   0.00375
   0.00011   0.00566   0.03411   0.05232   0.05768   0.03814   0.00378
   0.00033   0.01279   0.05473   0.05596   0.09216   0.06712   0.00598
   0.02925   0.16799   0.22860   0.08970   0.09085   0.06124   0.00610
   0.10441   0.26823   0.17353   0.03419   0.02993   0.02184   0.00317
   0.03096   0.04410   0.01692   0.00924   0.01123   0.00948   0.00221
   0.00020   0.00176   0.01403   0.01797   0.01032   0.00885   0.00155
   0.00004   0.00612   0.02520   0.01591   0.00760   0.00614   0.00063
   0.00113   0.05554   0.17144   0.07569   0.00440   0.00002   0.00000
   0.00015   0.02071   0.14778   0.17038   0.03595   0.00089   0.00000
   0.00000   0.00141   0.03927   0.15009   0.09468   0.00733   0.00012
   0.00933   0.00374   0.00531   0.07410   0.11103   0.02118   0.00075
   0.07089   0.04074   0.00625   0.02489   0.08723   0.04111   0.00232
   0.03721   0.03998   0.01744   0.00681   0.04223   0.04280   0.00440
   0.08360   0.23824   0.15936   0.02136   0.01466   0.02635   0.00429
   0.13245   0.43064   0.34084   0.05831   0.00731   0.01161   0.00227
   0.02111   0.11045   0.14271   0.04310   0.00677   0.00517   0.00072
   0.00343   0.01884   0.02585   0.01253   0.02216   0.01573   0.00108
   0.00019   0.00277   0.00611   0.01686   0.07989   0.04346   0.00196
   0.03628   0.07695   0.04173   0.03074   0.11546   0.05479   0.00259
   0.17665   0.19784   0.05104   0.01516   0.04977   0.02422   0.00134
   0.06358   0.04615   0.00638   0.00307   0.01134   0.00749   0.00078
   0.00024   0.00008   0.00014   0.00160   0.00439   0.00335   0.00043
   0.00000   0.00007   0.00029   0.00059   0.00143   0.00139   0.00013
   0.00206   0.05448   0.09698   0.02140   0.00053   0.00000   0.00000
   0.00027   0.01744   0.07847   0.06460   0.00939   0.00010   0.00000
   0.00000   0.00153   0.03902   0.10328   0.03738   0.00154   0.00006
   0.00004   0.00008   0.01090   0.07048   0.05937   0.00890   0.00037
   0.00029   0.00005   0.00086   0.01865   0.04678   0.02182   0.00125
   0.00285   0.00344   0.00092   0.00175   0.01872   0.02227   0.00238
   0.13345   0.15176   0.03117   0.00100   0.00723   0.01440   0.00222
   0.20874   0.26713   0.06804   0.00283   0.00151   0.00348   0.00065
   0.05298   0.08055   0.02955   0.00203   0.00053   0.00074   0.00010
   0.01648   0.02243   0.00803   0.00179   0.00698   0.00409   0.00019
   0.00018   0.00043   0.00046   0.01483   0.05243   0.01759   0.00034
   0.00390   0.00323   0.00109   0.04331   0.12028   0.03197   0.00053
   0.02397   0.01353   0.00168   0.02766   0.06967   0.01821   0.00032
   0.00984   0.00430   0.00036   0.00608   0.01834   0.00700   0.00026
   0.00005   0.00001   0.00008   0.00235   0.00686   0.00334   0.00018
   0.00000   0.00000   0.00004   0.00080   0.00167   0.00069   0.00003
   0.00028   0.00507   0.00798   0.00220   0.00007   0.00000   0.00000
   0.00004   0.00379   0.03290   0.02891   0.00232   0.00001   0.00000
   0.00000   0.00221   0.04332   0.06640   0.01195   0.00042   0.00001
   0.00000   0.00022   0.01192   0.03794   0.01997   0.00379   0.00010
   0.00000   0.00000   0.00048   0.00549   0.01640   0.01032   0.00051
   0.00036   0.00020   0.00001   0.00047   0.00913   0.01176   0.00108
   0.01777   0.01062   0.00064   0.00010   0.00367   0.00599   0.00070
   0.02884   0.01827   0.00132   0.00001   0.00031   0.00058   0.00008
   0.02196   0.01211   0.00114   0.00001   0.00005   0.00008   0.00001
   0.00979   0.00503   0.00048   0.00028   0.00124   0.00063   0.00003
   0.00009   0.00006   0.00018   0.00894   0.01885   0.00366   0.00003
   0.00000   0.00000   0.00112   0.04169   0.07057   0.00991   0.00004
   0.00000   0.00000   0.00106   0.03311   0.05278   0.00709   0.00002
   0.00000   0.00000   0.00023   0.00781   0.01594   0.00332   0.00003
   0.00000   0.00000   0.00008   0.00264   0.00674   0.00207   0.00004
   0.00000   0.00000   0.00008   0.00123   0.00221   0.00064   0.00001
