   17   16    7
 -24.00000   3.00000 -30.00000   4.00000  -1.00000   2.00000
   1.41530   1.55244   1.85530   1.89927   2.08004   2.03102   1.93220
   1.40510   1.52112   1.82485   1.88086   2.03179   2.05630   1.94128
   1.40130   1.48460   1.76188   1.88464   1.93719   1.97763   1.93856
   1.36352   1.36298   1.88066   2.06626   1.94911   2.08743   1.98937
   1.29580   1.33088   2.13349   1.89745   1.86344   2.02952   2.00186
   1.37084   1.53230   2.18799   1.81276   1.85999   1.96126   1.95259
   1.40099   1.51686   1.88479   1.82556   1.89172   1.94214   1.93639
   1.39458   1.48519   1.78785   1.83262   1.91034   1.93084   1.93022
   1.34870   1.34079   1.70608   1.83583   1.90682   1.92162   1.92537
   1.38047   1.40859   1.75188   1.84165   1.90534   1.91799   1.92321
   1.40142   1.50157   1.81877   1.86181   1.91840   1.92472   1.92460
   1.40137   1.50454   1.82427   1.86200   1.91709   1.92761   1.92590
   1.40138   1.50456   1.82440   1.86336   1.91787   1.92763   1.92593
   1.40148   1.50466   1.82554   1.86721   1.91965   1.92771   1.92593
   1.40148   1.50529   1.83906   1.88730   1.92345   1.92782   1.92593
   1.40148   1.50360   1.83085   1.87727   1.92016   1.92775   1.92593
   1.41535   1.52761   1.89522   1.89638   2.01855   2.01296   1.93525
   1.41432   1.56117   1.88780   1.93566   2.11090   2.19201   1.98528
   1.44109   1.56870   1.78115   1.88744   1.99419   2.08032   1.99343
   1.40965   1.44714   1.68381   1.95905   1.98094   2.07440   2.05581
   1.37433   1.37798   1.98992   2.02881   1.91001   1.97885   2.09559
   1.39228   1.46901   2.10407   1.97811   1.92693   1.96186   1.98572
   1.40098   1.50124   1.94508   1.93655   1.92618   1.97546   1.95138
   1.39543   1.45400   1.79987   1.79706   1.87279   1.94730   1.94615
   1.40505   1.43445   1.75055   1.87586   1.93450   1.92491   1.92389
   1.42023   1.48676   1.67813   1.84597   1.90082   1.88211   1.89479
   1.39793   1.49489   1.79568   1.83883   1.90864   1.91575   1.91651
   1.32571   1.40566   1.78910   1.84968   1.91264   1.92642   1.92572
   1.34560   1.44296   1.80546   1.85529   1.91638   1.92759   1.92588
   1.38719   1.47992   1.80907   1.87299   1.93986   1.93265   1.92601
   1.37757   1.47903   1.82015   1.88874   1.94019   1.92997   1.92594
   1.39848   1.50131   1.81697   1.86341   1.92028   1.92779   1.92593
   1.40191   1.53987   1.99019   1.92730   1.93131   1.94556   1.92910
   1.37590   1.51899   1.90058   1.88661   1.96905   2.09469   1.98367
   1.46822   1.83023   2.06196   1.85537   2.00388   2.18050   2.07229
   1.42391   1.85058   2.24362   1.85334   2.00185   2.05172   2.04973
   1.29482   1.35456   2.03764   1.84999   1.96076   1.83390   2.06552
   1.38374   1.51014   2.11518   1.99303   2.12396   1.86356   1.97547
   1.38927   1.49880   1.80652   1.80688   1.95131   1.97513   1.91659
   1.39991   1.42680   1.71352   2.04838   1.88341   1.89865   1.92346
   1.40488   1.42997   1.70529   1.92920   2.00475   2.00698   1.98158
   1.49991   1.63497   1.61386   1.82195   1.91203   1.94040   1.91407
   1.46463   1.49859   1.74463   1.73990   1.83282   1.89074   1.90572
   1.10495   0.97445   1.61834   1.70005   1.82373   1.88337   1.91272
   1.23060   1.18669   1.64724   1.73296   1.85135   1.92198   1.92664
   1.22365   1.14535   1.60602   1.76984   1.92706   1.95089   1.92803
   1.07047   1.10767   1.70636   1.84089   1.92276   1.93123   1.92601
   1.36177   1.47030   1.81781   1.85947   1.91735   1.92771   1.92593
   1.40156   1.51243   1.85097   1.73495   1.74972   1.89932   1.92608
   1.32640   1.42218   1.91767   1.97867   1.70534   1.86305   1.94008
   1.11786   0.74315   1.38799   2.01380   1.75718   1.90560   1.99125
   1.55348   1.30200   1.62813   2.16801   1.79528   1.93379   1.98563
   1.41502   1.19768   1.93925   2.06601   1.85075   1.85172   1.99172
   1.12048   1.30081   2.10065   2.06905   1.96582   1.88159   1.83302
   1.17535   1.36326   1.74865   1.78875   1.89207   2.03574   1.83511
   1.39041   1.45049   1.42269   1.70761   1.93148   1.63565   1.81307
   1.35529   1.54662   1.96141   1.85356   2.04413   2.01221   2.00052
   1.33261   1.49931   1.62968   1.94347   1.89959   1.93719   1.94090
   1.53171   1.66492   1.83563   1.79249   1.74920   1.74440   1.83949
   1.30974   1.00750   1.70511   1.68995   1.69297   1.77900   1.86666
   1.46921   1.32614   1.58388   1.68055   1.78128   1.89111   1.93165
   1.22521   0.96027   1.44912   1.68600   1.85310   1.93059   1.92975
   1.08075   0.99832   1.60415   1.81640   1.90521   1.92608   1.92591
   1.36906   1.46997   1.81781   1.86353   1.91819   1.92770   1.92593
   1.40149   1.50199   1.82116   1.73732   1.74527   1.89538   1.92442
   1.41301   1.50755   1.81751   1.83766   1.76182   1.84075   1.92026
   1.34755   1.48102   1.61112   1.99431   2.07043   1.95731   1.93969
   1.28675   1.52957   1.10565   1.55472   1.94713   2.02733   2.04147
   1.42525   1.65759   1.91041   2.28240   2.18881   2.05958   2.08308
   1.03428   0.88793   1.41011   1.87157   1.87472   2.13938   1.90567
   1.13895   1.24680   1.77556   2.20391   1.74437   2.01241   2.00579
   1.39032   1.54676   1.61063   1.85235   1.99183   1.56341   1.93235
   1.33673   1.51097   2.24840   1.58018   2.02267   2.08040   2.05181
   1.28908   1.07914   1.28608   2.27295   1.81412   1.76459   1.83250
   1.43778   1.78836   1.61788   1.92833   1.97113   1.80652   1.82078
   1.53062   1.54807   1.86121   1.83015   1.87148   1.98463   1.95866
   1.57744   1.58612   1.64456   1.61952   1.87199   1.90737   1.92091
   1.36754   1.17801   1.52496   1.66082   1.83835   1.89108   1.91688
   1.35929   1.37703   1.72577   1.82960   1.90965   1.92206   1.92505
   1.40002   1.50198   1.82431   1.86400   1.91768   1.92718   1.92590
   1.40183   1.48917   1.78196   1.84978   1.87177   1.92165   1.92390
   1.39712   1.48747   1.73376   1.72753   1.87401   1.90230   1.91512
   1.18710   1.28382   1.67971   1.63610   1.90852   1.93809   1.91253
   0.92122   0.80771   1.48359   1.79650   1.94186   2.04160   2.02928
   1.07616   1.14204   1.46572   1.81010   1.97556   1.84319   2.12997
   1.36410   1.24650   1.63752   1.98179   2.10212   2.05978   2.10351
   1.35831   1.41982   1.82274   1.79793   1.84124   1.95776   2.03860
   1.28565   1.40903   1.93923   1.80129   1.83302   1.98982   2.07954
   1.32974   1.59836   2.18482   1.81268   1.95629   1.86213   1.97003
   1.24050   1.81505   2.03875   2.03457   1.77979   1.81504   1.85023
   1.37574   1.45688   1.84893   1.91482   1.96475   1.92072   1.89516
   1.33458   1.52639   1.93411   1.97567   2.04936   1.96217   1.98210
   1.50848   1.78654   1.67491   1.86967   1.81823   1.86575   1.90088
   1.54459   1.50783   1.72553   1.77140   1.83204   1.88665   1.90597
   1.43563   1.61068   1.87883   1.80921   1.88585   1.90792   1.92110
   1.45744   1.56321   1.80738   1.81825   1.89498   1.92008   1.92546
   1.40163   1.45566   1.81171   1.87706   1.81872   1.90497   1.92446
   1.40145   1.52732   1.86352   1.78226   1.75077   1.83293   1.91502
   1.38555   1.47477   1.94409   1.72548   1.74600   1.83772   1.91978
   1.42898   1.44970   1.55892   2.00788   1.99176   2.11750   2.07301
   1.14323   1.62651   1.78949   1.92755   2.20324   1.85248   2.02059
   1.57673   1.38833   1.95838   1.69102   1.84143   2.04843   1.98243
   1.53251   1.38593   1.84497   1.93555   1.79477   1.94224   1.82115
   1.41632   1.44850   1.74116   1.75623   1.92365   1.91670   1.87635
   1.73889   1.73220   1.76885   2.13010   1.89789   1.67928   1.96323
   1.13495   1.33284   1.62118   1.89946   1.96240   1.85189   1.91889
   1.78535   1.71517   1.58361   1.86801   1.89215   1.84412   1.87210
   1.20666   1.42523   1.88779   1.98566   2.09398   1.81201   1.95697
   1.23243   1.76305   1.58271   1.93442   1.95037   1.89694   1.93753
   1.45917   1.37769   1.44138   1.69525   1.83452   1.93725   1.93723
   1.37589   1.61922   1.73010   1.47331   1.81425   1.93263   1.92840
   1.51242   1.63039   1.58431   1.56538   1.86582   1.92873   1.92630
   1.40139   1.48697   1.86704   1.95822   1.90779   1.91893   1.92524
   1.40153   1.51075   1.85501   1.98439   1.98079   1.88534   1.91394
   1.40557   1.52440   1.96232   1.84936   2.03351   1.91797   1.90377
   1.45722   1.54107   1.85227   1.92533   1.90108   1.99738   1.92881
   1.40502   1.42731   1.71110   1.94634   1.94343   1.73755   1.89803
   1.44656   1.32371   1.83437   1.80904   1.96161   1.95642   2.16784
   1.52217   1.58122   1.91577   1.92577   1.87001   1.99663   2.19867
   1.39526   1.50043   1.82210   1.86457   2.05673   1.89428   2.01675
   1.63045   1.31932   1.82688   1.70435   2.11284   1.94709   2.06596
   1.24311   1.32092   2.05814   1.74189   1.93589   1.90123   1.83100
   1.39526   1.89002   2.06210   1.61660   1.92706   1.98647   1.82742
   1.34979   1.43662   1.77519   1.80232   1.76516   1.92711   2.01384
   1.41891   2.01331   1.83733   1.86412   2.07615   2.05640   1.97481
   1.39480   1.50337   1.63107   1.78680   1.82144   1.98803   1.96111
   1.37323   1.53192   1.82603   1.41092   1.67237   1.95831   1.93553
   1.41582   1.56627   1.94279   1.59145   1.77210   1.94140   1.92800
   1.40146   1.50528   1.82716   1.86474   1.91818   1.92735   1.92587
   1.40093   1.49993   1.84067   1.87852   1.92688   1.92895   1.92498
   1.42240   1.50063   1.82239   1.86896   1.95725   1.96611   1.92728
   1.46577   1.53785   1.94364   1.73909   1.91459   2.09736   1.92357
   1.32410   1.14824   1.85005   1.97972   2.12335   1.99780   1.91313
   1.51659   1.64791   1.92599   1.87314   1.78656   1.84092   1.89274
   1.44828   1.58751   1.84028   1.91441   1.72413   2.02206   1.92983
   1.58101   1.57383   1.67944   2.06662   1.99017   2.01411   2.01699
   1.44080   1.51938   1.94094   1.83136   1.90633   1.96242   1.88695
   1.31714   1.22703   1.68621   2.05392   1.97201   1.97488   1.80890
   1.31794   1.40898   1.79869   1.88234   1.93268   2.08816   1.92580
   1.34537   1.05289   1.68823   1.99430   1.85670   1.80584   1.84507
   1.48159   1.61397   1.76349   1.94376   1.80770   1.93156   1.89258
   1.53535   1.94261   1.78809   1.97349   2.00088   2.01455   1.93962
   1.42530   1.45222   1.59599   1.80426   1.96013   1.97522   1.94733
   1.36395   1.38988   1.95852   1.72230   1.74797   1.95833   1.93857
   1.40042   1.50536   1.82530   1.86409   1.91905   1.92794   1.92593
   1.37304   1.46228   1.84188   1.86587   1.92420   1.94134   1.92803
   1.38169   1.37162   1.72772   1.83864   1.92144   1.99606   1.95165
   1.46007   1.54939   1.66578   1.71049   1.93202   1.85079   1.89080
   1.40420   1.59960   1.88966   1.87886   2.11549   1.72264   1.76586
   1.37010   1.34159   1.77136   1.95556   1.93085   2.23491   1.77168
   1.37636   1.23440   1.51439   2.05815   1.78524   1.89595   1.73804
   1.74143   1.86521   1.69914   1.83071   1.98652   2.00651   1.94841
   1.65749   1.66385   1.81723   2.00006   1.78065   2.02102   1.91286
   1.48160   1.41778   1.70447   1.78965   2.06867   1.89726   1.87665
   1.39252   1.41564   1.69891   1.66618   1.79860   1.97321   1.96522
   1.30362   1.46730   1.79420   1.82107   1.98527   1.90377   1.95325
   1.31654   1.13122   1.78286   1.54512   1.89939   2.21512   2.05637
   1.41928   1.43380   1.54220   1.67730   2.07324   2.23398   2.04852
   1.40845   1.39954   1.70764   2.02827   1.86425   2.06575   2.01877
   1.34868   1.40393   1.76027   1.44523   1.59092   1.98739   1.96742
   1.40186   1.50802   1.82520   1.86527   1.92233   1.92878   1.92596
   1.35395   1.49311   1.84844   1.85861   1.97513   1.96894   1.93299
   1.32855   1.36532   1.80556   1.87502   1.97891   1.99421   1.96632
   1.39609   1.44503   1.70712   1.87560   1.96532   1.71168   1.89383
   1.43041   1.52689   1.77334   2.07427   2.28098   2.00368   1.87502
   1.44562   1.53154   1.81883   1.87889   1.95057   1.98129   1.81588
   1.36943   1.34541   1.76305   1.91197   1.87839   1.43555   1.81961
   1.41980   1.39001   1.57851   1.75594   2.17829   1.75326   1.93992
   1.41679   1.21887   1.69642   1.88055   1.97525   2.09005   1.99148
   1.55884   1.66866   1.77610   1.78551   1.82452   2.03264   1.94110
   1.44119   1.23458   1.68136   2.10427   1.86210   1.98063   1.99209
   1.54659   1.95631   1.96238   1.51168   1.86754   2.01550   2.04598
   1.39804   1.55564   1.64059   1.73470   1.97318   1.82158   2.00129
   1.41422   1.76581   1.94269   1.88480   1.39480   1.62446   1.97834
   1.43246   1.59609   1.64672   1.71360   1.25289   1.84639   1.99795
   1.40930   1.53337   1.92258   2.02624   1.69987   1.98299   1.96608
   1.40489   1.50734   1.82474   1.87704   1.93754   1.93084   1.92602
   1.42389   1.56131   1.84488   1.86951   2.02735   1.97680   1.93157
   1.40449   1.57256   1.94643   1.83197   1.91575   1.93889   1.94093
   1.39814   1.48879   1.87703   1.87830   1.97498   1.95403   1.94568
   1.39844   1.38812   1.87055   1.93260   1.98942   2.07052   1.94500
   1.43935   1.40542   1.69860   1.99907   2.04657   1.89801   1.82778
   1.44336   1.62180   1.80654   1.95716   1.85249   1.88222   1.85713
   1.41119   1.53742   1.74225   1.87279   1.78063   1.80635   1.81934
   1.36812   1.42023   1.75559   1.80137   2.00715   1.97958   1.84817
   1.43762   1.54391   1.80298   1.78598   1.85871   2.02975   1.88883
   1.35395   1.21664   1.83135   1.69728   1.83685   2.00081   1.98277
   1.39062   1.48766   1.91061   1.72105   1.86671   1.80516   1.97595
   1.39551   1.49422   1.77592   1.92171   1.84230   1.70493   1.94790
   1.48039   1.72100   1.89908   2.16559   1.80497   1.81002   1.95370
   1.53021   1.64071   1.79074   2.14558   1.82275   1.94949   1.95034
   1.40870   1.40125   1.56629   2.03313   1.98942   2.01349   1.94075
   1.40166   1.50416   1.83282   1.92486   1.95526   1.93049   1.92596
   1.40318   1.50646   1.78299   1.86838   2.02143   1.94891   1.92632
   1.40272   1.51112   1.76803   1.69507   1.96160   1.95958   1.92738
   1.39937   1.52048   1.81278   1.63793   1.83343   1.98383   1.94402
   1.35207   1.43663   1.91062   1.76631   1.92463   1.92307   1.89934
   1.35860   1.29452   1.81999   2.12145   2.11624   1.96562   1.87829
   1.39900   1.47498   1.91332   1.92149   1.93988   2.04274   1.91961
   1.39804   1.50723   1.83909   1.92036   1.84011   1.91285   1.91046
   1.39622   1.48400   1.59313   1.88631   1.93315   1.85522   1.91583
   1.39744   1.50001   1.79916   1.89121   1.93947   1.91869   1.93998
   1.40256   1.61515   2.17172   1.75894   1.91681   1.90595   1.98181
   1.39853   1.56253   1.88680   1.83397   1.94464   1.92027   1.97771
   1.39942   1.56092   1.86486   1.80216   1.79212   1.89099   1.95649
   1.44019   1.57992   1.73660   1.69676   1.75024   2.02188   1.98533
   1.45278   1.51168   1.75016   1.76441   1.89248   2.11241   1.96520
   1.40160   1.45381   1.76654   1.73011   1.99261   2.04857   1.93824
   1.40093   1.47802   1.83440   1.97305   1.94214   1.92803   1.92593
   1.40135   1.47590   1.67040   1.89178   2.00087   1.93360   1.92580
   1.40148   1.49604   1.66675   1.61380   1.89920   1.93729   1.92645
   1.39627   1.50951   1.76934   1.65729   1.84124   1.94892   1.92949
   1.33397   1.45166   1.78038   1.83694   1.96193   1.93995   1.91020
   1.36934   1.48201   1.90910   1.88450   2.01097   2.04950   1.94164
   1.39840   1.55481   1.88858   1.63205   1.90712   2.01358   1.94066
   1.38266   1.44179   1.76568   1.76791   1.83558   1.97087   1.93819
   1.39445   1.48781   1.86474   1.89198   1.80698   1.90926   1.93709
   1.40017   1.45647   1.70563   1.83706   1.85911   1.83847   1.95302
   1.40411   1.55761   1.80988   1.77678   1.85511   1.83445   1.95110
   1.39367   1.52836   1.72276   1.86845   1.92363   1.92080   1.94399
   1.33872   1.41913   1.76574   1.86377   1.91241   1.87243   1.90368
   1.38614   1.48601   1.78007   1.77922   1.84064   1.88921   1.91739
   1.40151   1.48517   1.74857   1.77478   1.89052   1.94802   1.92789
   1.39992   1.46651   1.75426   1.79021   1.92869   1.95013   1.92711
   1.39376   1.39728   1.81783   1.94489   1.92499   1.92778   1.92593
   1.39982   1.43004   1.66328   1.87656   1.93508   1.92811   1.92589
   1.40145   1.49236   1.69479   1.68140   1.89723   1.93533   1.92707
   1.39857   1.50166   1.79614   1.82303   1.92686   1.93697   1.92615
   1.37900   1.47801   1.79975   1.83101   1.95580   1.98432   1.92862
   1.39669   1.51958   1.83286   1.83609   1.92559   1.95825   1.93049
   1.36768   1.46275   1.79340   1.83227   1.89287   1.90477   1.91857
   1.34167   1.42687   1.92480   1.95394   1.95381   1.95152   1.93330
   1.40167   1.53762   1.83922   1.81384   1.89439   1.90847   1.92773
   1.38608   1.40448   1.71198   1.81575   1.89194   1.87944   1.94614
   1.40180   1.50565   1.82515   1.92400   1.93727   1.90379   1.95629
   1.38555   1.46777   1.78678   1.95204   1.96543   1.94950   1.92989
   1.29938   1.40982   1.80468   1.96339   1.97963   1.86791   1.89788
   1.36537   1.48193   1.81647   1.84516   1.83223   1.81813   1.90168
   1.40131   1.50373   1.81852   1.84931   1.87981   1.89760   1.92149
   1.40145   1.50252   1.81860   1.86024   1.91557   1.92341   1.92496
   1.39477   1.46763   1.85935   1.88195   1.91927   1.92775   1.92593
   1.40025   1.47570   1.72882   1.79641   1.91681   1.92789   1.92594
   1.40146   1.49437   1.70699   1.72470   1.90282   1.93074   1.92668
   1.40146   1.50269   1.77751   1.73458   1.84665   1.93565   1.92616
   1.40126   1.50431   1.81280   1.78684   1.87940   1.98563   1.93180
   1.40269   1.51124   1.82771   1.85180   1.91621   1.96965   1.93031
   1.37802   1.52079   1.85169   1.86862   1.93284   1.96161   1.92818
   1.37900   1.57528   1.89880   1.87808   1.93985   1.95727   1.93588
   1.37716   1.44976   1.74557   1.83660   1.91806   1.93396   1.93613
   1.34846   1.39372   1.75981   1.83921   1.87026   1.89335   1.93017
   1.40076   1.50532   1.82975   1.89012   1.90657   1.93009   1.94137
   1.39935   1.50397   1.83933   1.94677   1.98037   1.96738   1.93035
   1.38784   1.49822   1.84370   2.00326   2.01268   1.90519   1.91457
   1.39586   1.50244   1.82610   1.86205   1.79823   1.80739   1.90916
   1.40148   1.50461   1.82371   1.84257   1.82948   1.87289   1.92115
   1.40148   1.50463   1.82428   1.85927   1.90527   1.92247   1.92564
   1.40142   1.50452   1.81311   1.85979   1.91878   1.92774   1.92593
   1.40144   1.47825   1.68593   1.81460   1.92031   1.92781   1.92594
   1.40147   1.48619   1.68584   1.75200   1.90310   1.92934   1.92620
   1.40148   1.50178   1.76729   1.71535   1.86522   1.94419   1.92633
   1.40148   1.50457   1.81801   1.81632   1.94512   1.99385   1.92968
   1.40156   1.50482   1.82440   1.86446   1.96993   1.98527   1.92906
   1.40207   1.50991   1.82578   1.86393   1.93213   1.95012   1.92720
   1.40330   1.51311   1.82551   1.86424   1.92219   1.93287   1.92754
   1.36566   1.46760   1.81384   1.86374   1.92742   1.94091   1.93257
   1.37016   1.47587   1.81847   1.85777   1.90044   1.92325   1.92943
   1.40107   1.50448   1.82531   1.86435   1.89185   1.92622   1.92839
   1.40148   1.50466   1.83288   1.90802   1.96220   1.95196   1.92784
   1.40148   1.50472   1.84427   1.97675   2.00278   1.92916   1.92406
   1.40148   1.50466   1.82857   1.87010   1.82903   1.86527   1.92106
   1.40148   1.50463   1.82368   1.83769   1.82225   1.88226   1.92345
   1.40148   1.50463   1.82412   1.85519   1.89740   1.92116   1.92572
   0.74579   0.82496   0.98777   1.00750   1.11232   1.07938   1.01666
   0.73988   0.80704   0.97862   1.01311   1.10916   1.11523   1.02358
   0.73765   0.78595   0.95597   1.03491   1.05489   1.06881   1.02420
   0.71625   0.70480   1.01380   1.12690   1.01396   1.13466   1.05549
   0.68587   0.72616   1.13435   1.01124   1.00401   1.11968   1.06561
   0.72737   0.84937   1.16215   0.95263   0.99791   1.05496   1.03491
   0.73774   0.80128   0.98749   0.95800   0.99620   1.02652   1.02028
   0.73800   0.79425   0.96185   0.98272   1.00600   1.01734   1.01578
   0.72603   0.76160   0.92785   0.97618   1.00048   1.01188   1.01306
   0.73190   0.76960   0.92752   0.96963   0.99842   1.00984   1.01203
   0.73801   0.79364   0.95821   0.98241   1.00665   1.01355   1.01275
   0.73775   0.79326   0.96010   0.98284   1.00634   1.01487   1.01332
   0.73775   0.79327   0.96015   0.98340   1.00666   1.01488   1.01333
   0.73778   0.79330   0.96063   0.98500   1.00740   1.01491   1.01333
   0.73778   0.79356   0.96626   0.99336   1.00898   1.01495   1.01333
   0.73778   0.79286   0.96285   0.98919   1.00762   1.01492   1.01333
   0.74439   0.81349   1.05324   1.02398   1.06977   1.06521   1.01799
   0.74498   0.82871   1.03032   1.06677   1.15943   1.19337   1.04609
   0.76236   0.83344   0.97019   1.03046   1.11411   1.16557   1.06126
   0.74354   0.75269   0.89515   1.07346   1.01060   1.14545   1.11611
   0.72490   0.74076   1.07423   1.12363   1.00527   1.10217   1.15051
   0.73501   0.82411   1.18525   1.04763   1.05218   1.08159   1.06984
   0.73765   0.79916   1.04250   1.01494   1.02239   1.06010   1.03567
   0.73751   0.77997   0.96075   1.00803   1.01194   1.03252   1.02807
   0.74378   0.80490   0.94881   1.01823   1.01741   1.00902   1.01158
   0.74593   0.81986   0.90798   0.97072   0.99526   0.98676   0.99534
   0.73624   0.79567   0.96016   0.97438   1.00185   1.00859   1.00838
   0.71012   0.76395   0.95464   0.97883   1.00464   1.01440   1.01324
   0.72271   0.77875   0.95392   0.97968   1.00598   1.01484   1.01331
   0.73066   0.78004   0.95157   0.98697   1.01576   1.01696   1.01336
   0.72517   0.78005   0.95775   0.99392   1.01596   1.01585   1.01333
   0.73622   0.79172   0.95706   0.98342   1.00767   1.01494   1.01333
   0.73736   0.81405   1.08653   1.04511   1.01284   1.02231   1.01484
   0.72141   0.78963   1.02465   1.05375   1.07258   1.11787   1.04270
   0.81968   0.96527   1.11666   1.03363   1.12113   1.22752   1.09878
   0.79957   1.03302   1.21325   1.05956   1.04773   1.14884   1.13067
   0.68384   0.72490   1.06045   1.04958   1.04827   0.95898   1.18462
   0.73220   0.82059   1.21943   1.10585   1.19003   1.02026   1.08971
   0.73355   0.79686   1.00053   0.97859   1.05494   1.10110   1.04441
   0.73720   0.76004   0.91866   1.16123   1.03485   1.00815   1.02358
   0.74263   0.75722   0.85926   1.01747   1.10775   1.05444   1.03680
   0.81786   0.91968   0.90425   0.92343   1.03724   1.03026   1.00477
   0.78444   0.78379   0.96826   0.96304   0.97255   0.99823   1.00298
   0.61288   0.58988   0.93527   0.92665   0.96177   0.99343   1.00662
   0.70600   0.72255   0.88427   0.90908   0.97109   1.01089   1.01356
   0.64430   0.60014   0.84910   0.93798   1.00947   1.02473   1.01424
   0.56324   0.59052   0.90513   0.97392   1.00874   1.01638   1.01336
   0.71712   0.77565   0.95698   0.98177   1.00645   1.01491   1.01333
   0.73781   0.79719   0.97474   0.90187   0.89355   0.99875   1.01429
   0.69130   0.73101   1.01187   1.07194   0.88110   0.97025   1.02187
   0.61172   0.34410   0.62538   1.09113   0.95687   1.03029   1.05021
   0.90869   0.82620   0.89080   1.18087   1.02407   1.13190   1.08704
   0.77259   0.63191   1.05612   1.13622   1.09075   1.06490   1.20158
   0.62067   0.76530   1.17380   1.12294   1.09879   1.01553   1.03109
   0.62611   0.77386   0.94949   0.96366   1.00944   1.14937   1.03449
   0.73143   0.75323   0.72843   1.00611   1.00380   0.87774   0.98562
   0.72218   0.85355   0.99415   0.95879   1.15061   1.10614   1.05318
   0.74323   0.83760   1.01370   0.88396   0.98916   1.05295   1.02971
   0.86742   0.84270   0.99938   1.00178   0.92975   0.92491   0.97455
   0.70059   0.54901   0.94965   0.93454   0.89320   0.94113   0.98454
   0.82102   0.80657   0.87090   0.91333   0.95037   0.99939   1.01730
   0.65375   0.50186   0.76568   0.93290   0.98500   1.01663   1.01514
   0.57233   0.53139   0.84393   0.96331   1.00120   1.01420   1.01332
   0.72083   0.77403   0.95588   0.98340   1.00680   1.01491   1.01333
   0.73778   0.79188   0.96155   0.92828   0.93483   1.01736   1.01642
   0.73887   0.79863   0.96406   1.00262   0.96183   0.99810   1.02403
   0.66691   0.78265   0.86463   1.12327   1.16354   1.08713   1.05581
   0.66785   0.79385   0.62665   0.87894   1.07611   1.17031   1.15132
   0.79738   0.84999   0.94612   1.26368   1.18592   1.15031   1.15923
   0.52560   0.49125   0.72189   0.96386   0.99061   1.18062   0.98354
   0.54914   0.63250   0.96608   1.09853   0.86742   1.16640   1.11664
   0.73660   0.81606   0.79387   0.96415   1.06793   0.91262   1.07088
   0.69204   0.76702   1.16680   0.86222   1.07078   1.13804   1.12482
   0.69240   0.53372   0.66886   1.14252   0.87743   0.97616   1.01133
   0.84542   1.07002   0.86281   1.06755   1.03759   0.99062   0.98388
   0.84260   0.85521   0.97643   1.02076   1.01084   1.06459   1.02582
   0.86925   0.91593   0.83837   0.89173   1.04725   1.02392   1.00838
   0.73705   0.65901   0.76647   0.88133   0.98577   1.00151   1.00964
   0.71932   0.73038   0.89005   0.95925   1.00313   1.01251   1.01288
   0.73709   0.79140   0.95951   0.98370   1.00668   1.01466   1.01331
   0.73798   0.78365   0.95343   1.00591   0.99356   1.02995   1.01620
   0.73500   0.78534   0.91868   0.91944   1.02287   1.04864   1.02678
   0.63324   0.71474   0.91135   0.87179   1.01848   1.08949   1.04788
   0.46879   0.41150   0.80987   1.07466   1.07714   1.11459   1.13656
   0.56834   0.65235   0.73856   0.99772   1.13820   0.99734   1.18437
   0.76118   0.67778   0.81442   1.07443   1.15484   1.13959   1.12190
   0.75560   0.73941   0.97830   0.99114   1.00149   1.12319   1.13968
   0.68153   0.74890   1.09397   0.96897   1.06991   1.18014   1.14215
   0.69302   0.75256   1.13571   0.91171   0.98353   0.95924   1.13992
   0.57461   0.95000   1.11376   1.08754   1.01300   0.99882   1.04490
   0.78997   0.67498   0.93970   1.07336   1.02040   1.05600   1.05567
   0.66221   0.71360   1.11897   1.15346   1.11275   1.08834   1.07495
   0.76998   1.10202   0.94565   1.00692   0.97539   1.02074   1.01238
   0.82782   0.81916   0.91518   0.93050   0.96626   1.00277   1.00255
   0.76234   0.86553   1.00404   0.96184   0.99523   1.00116   1.00892
   0.77486   0.83341   0.95431   0.95997   0.99417   1.00861   1.01286
   0.73795   0.76591   0.99358   1.06525   0.96332   1.00788   1.01316
   0.73787   0.81350   1.02961   0.99218   0.94766   0.98124   1.01675
   0.72858   0.78260   1.11003   0.95864   0.91770   0.97409   1.02891
   0.74209   0.72915   0.82557   1.16956   1.10818   1.12538   1.08932
   0.49337   0.83268   0.97673   0.98413   1.14799   1.04897   1.09458
   0.93185   0.71957   0.99831   0.97956   0.93299   1.14239   1.04921
   0.97972   0.80740   0.82216   1.01405   1.00698   1.01427   0.91536
   0.74766   0.63831   0.97784   0.86190   0.96523   1.04796   0.99312
   1.13837   0.92795   0.89754   1.14552   1.06526   0.84140   1.10297
   0.42602   0.67873   0.90100   0.94841   1.20602   0.94554   0.95947
   1.08435   1.01718   0.82844   0.97915   1.00511   0.98675   0.96993
   0.66511   0.72067   0.97899   1.02890   1.13917   1.02244   1.05652
   0.61781   0.95541   0.73554   1.04744   1.06410   1.04123   1.04333
   0.76940   0.69534   0.80634   1.01435   1.00748   1.03755   1.02496
   0.73983   0.89672   0.99100   0.81677   0.96648   1.02003   1.01501
   0.80588   0.86843   0.85260   0.82453   0.97730   1.01302   1.01350
   0.73776   0.78316   0.99671   1.06144   1.00443   1.01057   1.01291
   0.73781   0.79897   0.99233   1.06036   1.05607   0.99970   1.00749
   0.73854   0.80286   1.07378   0.97071   1.02516   1.03094   1.01023
   0.75642   0.79062   1.01370   1.09199   0.97649   1.11249   1.05684
   0.75607   0.73918   0.91400   0.97060   1.03123   0.99809   1.04657
   0.80770   0.66372   0.95951   0.94367   1.10319   1.06048   1.08627
   0.82643   0.74080   1.01839   1.06951   1.03912   1.11671   1.14551
   0.64734   0.72507   1.12753   1.02836   1.04448   1.08491   1.07348
   0.85330   0.70915   0.98784   0.92412   1.20649   1.14183   1.02604
   0.54563   0.56925   1.04351   0.93160   1.02328   1.04701   0.92333
   0.66802   1.00250   1.07326   0.93306   1.07788   1.12546   1.00748
   0.74609   0.76220   0.92588   1.04870   1.00040   1.04938   1.07860
   0.74839   1.06267   0.99979   0.96803   1.13223   1.13666   1.07478
   0.73449   0.78371   0.84423   0.99371   1.00374   1.08364   1.04473
   0.72395   0.77221   0.96628   0.85070   0.91188   1.05277   1.02237
   0.74172   0.81147   1.11901   0.91661   0.93551   1.02854   1.01491
   0.73777   0.79370   0.96391   0.98753   1.00699   1.01461   1.01327
   0.73736   0.78945   0.97189   1.00507   1.01519   1.01687   1.01258
   0.75201   0.79901   0.95557   1.03905   1.04114   1.05648   1.02041
   0.70684   0.84154   1.09311   0.98890   1.08697   1.16445   1.05170
   0.74923   0.53424   0.98635   1.05109   1.24778   1.04809   1.02771
   0.96132   0.99655   1.04732   0.95742   1.02324   0.96544   1.01352
   0.74596   0.79063   1.04059   1.05814   0.87920   1.10399   1.09686
   0.93420   1.10011   0.87092   1.14391   1.08536   1.00152   1.06689
   0.75641   0.81774   1.09298   1.08121   1.03154   1.11428   0.97718
   0.65789   0.56376   0.99466   1.17765   1.02883   1.04416   0.96429
   0.64737   0.67063   1.00469   0.94877   1.03213   1.16144   1.05338
   0.75090   0.46246   0.75031   1.10848   1.08235   0.94018   0.97676
   0.77044   0.75068   0.89643   1.02321   1.00659   1.06200   1.03859
   0.81675   1.04528   0.94786   1.03687   1.09357   1.09718   1.03315
   0.74092   0.66848   0.79661   1.04457   1.06045   1.05199   1.02501
   0.69031   0.66286   1.08608   0.97541   0.91104   1.03337   1.01940
   0.73750   0.79399   0.96061   0.98368   1.00729   1.01507   1.01333
   0.71855   0.76937   0.98116   0.98833   1.01545   1.02808   1.01509
   0.72168   0.70153   0.92747   1.03221   1.04684   1.09192   1.03584
   0.76251   0.86806   0.88829   0.91898   1.07579   1.04077   1.01354
   0.74873   0.88635   1.03004   0.91377   1.10394   0.91710   0.96180
   0.78409   0.81513   1.03289   1.04575   0.93567   1.20240   1.02550
   0.72746   0.59863   0.75946   1.17649   1.02336   1.00662   0.97077
   0.93212   0.96141   0.88647   1.01020   1.24012   1.10035   1.09563
   0.83029   0.79873   1.02817   0.99291   0.99652   1.14548   1.06057
   0.70913   0.58582   0.91750   1.04368   1.17108   1.07431   0.96448
   0.78154   0.88865   0.97541   0.85399   0.95338   1.12998   1.03900
   0.82552   0.83903   0.90314   1.07889   1.02975   0.97930   1.02795
   0.68873   0.49789   1.02754   0.88486   1.06274   1.24185   1.10202
   0.82518   0.98135   0.93478   0.87656   1.19524   1.24069   1.08552
   0.75661   0.74118   0.93205   1.09662   1.02460   1.10448   1.05910
   0.66497   0.69346   0.94946   0.76060   0.83871   1.04876   1.03237
   0.74271   0.79794   0.96088   0.98482   1.01026   1.01585   1.01335
   0.72626   0.82514   0.99578   0.98867   1.05995   1.05091   1.01866
   0.67440   0.72116   0.99968   1.00449   1.08285   1.09825   1.04519
   0.72944   0.74280   0.90934   0.97998   1.07345   0.96042   1.01858
   0.76569   0.82650   0.94204   1.17357   1.24819   1.10922   1.01874
   0.83128   0.86664   1.00793   1.14099   1.05021   1.12342   1.00608
   0.75153   0.73539   0.95445   1.02931   0.96050   0.85123   1.07643
   0.74236   0.75228   0.86744   0.95000   1.15945   0.96739   1.14726
   0.73209   0.76937   0.99076   0.97851   1.03719   1.04730   1.08824
   0.73295   0.83662   1.00110   0.95330   1.07153   1.03639   0.97720
   0.81288   0.76353   1.02331   1.11662   0.97528   1.09841   1.06805
   0.88582   0.94239   0.91469   0.82072   1.00796   1.04988   1.08842
   0.71103   0.78284   0.93448   0.94598   1.14816   1.00704   1.06228
   0.76296   0.92773   0.95893   0.95615   0.86176   0.90555   1.04435
   0.75303   0.80763   0.83029   0.92386   0.73898   0.99069   1.04939
   0.73534   0.80616   1.00910   1.08804   0.91635   1.05106   1.03230
   0.74263   0.79598   0.96133   0.99685   1.02333   1.01748   1.01339
   0.76482   0.84224   0.98060   1.01355   1.10927   1.05694   1.01824
   0.73576   0.84060   1.05441   0.99715   1.05291   1.05302   1.02987
   0.73324   0.77343   0.99926   1.03778   1.07407   1.07427   1.04137
   0.73749   0.70626   0.96532   1.11557   1.11426   1.11700   1.03898
   0.78433   0.75142   0.82716   1.03189   1.10073   1.01980   0.98121
   0.78453   0.91849   0.91491   0.97224   1.00911   1.06940   1.02921
   0.74758   0.82839   0.89390   1.02771   1.03001   1.04200   1.02720
   0.72619   0.77161   0.93259   0.99445   1.12667   1.07049   1.02134
   0.73574   0.87937   1.04295   1.00501   1.09483   1.00028   0.96337
   0.68705   0.60833   0.91463   0.83941   1.11095   1.13837   1.07375
   0.69138   0.69800   1.01013   0.90742   1.04595   1.05234   1.08118
   0.72376   0.81733   0.99494   1.02670   1.00964   0.94712   1.04892
   0.79654   0.96613   1.04950   1.14374   1.01876   1.01234   1.04555
   0.81080   0.87277   0.90369   1.14444   1.06172   1.08741   1.03473
   0.74155   0.73758   0.80776   1.11993   1.10931   1.09174   1.02256
   0.73793   0.79377   0.97755   1.04341   1.03736   1.01725   1.01336
   0.73903   0.79528   0.95398   1.03462   1.09685   1.03467   1.01443
   0.73855   0.79761   0.93748   0.91516   1.06550   1.05700   1.01967
   0.73713   0.80130   0.96315   0.89487   1.03308   1.10179   1.03490
   0.71671   0.76567   1.05456   1.00405   1.05836   1.05115   1.01530
   0.71557   0.67292   0.91898   1.18979   1.15125   1.06674   1.01043
   0.73621   0.78209   1.02890   1.11482   1.09720   1.13502   1.03120
   0.73625   0.81116   0.99685   0.95935   0.98790   1.09487   1.03020
   0.73562   0.77182   0.80033   0.97071   1.10616   1.05687   1.03768
   0.73920   0.80098   0.96746   1.04023   1.02355   1.00111   1.02287
   0.73943   0.84971   1.11556   0.97580   1.05018   1.04138   1.06396
   0.73672   0.84229   1.02674   1.00172   1.10903   1.11514   1.06972
   0.74241   0.87798   0.98541   0.92027   1.03038   1.06602   1.04689
   0.76863   0.84824   0.91179   0.95377   1.00911   1.10735   1.05181
   0.77369   0.80723   0.91150   1.00447   1.07072   1.15316   1.03736
   0.73835   0.75106   0.91258   0.96662   1.09807   1.10523   1.02049
   0.73753   0.78680   1.01191   1.07910   1.02542   1.01537   1.01333
   0.73771   0.78055   0.90532   1.04373   1.07429   1.02147   1.01346
   0.73778   0.78908   0.88656   0.91187   1.08846   1.04567   1.01617
   0.74183   0.80153   0.93826   0.91306   1.04606   1.06360   1.02051
   0.75700   0.82838   0.97343   0.98686   1.04453   1.04926   1.01250
   0.74769   0.81701   1.02218   1.01333   1.08341   1.11592   1.02966
   0.73841   0.84624   1.01720   0.85479   1.00507   1.08657   1.02800
   0.72772   0.78186   0.95341   0.98792   1.03924   1.09351   1.02650
   0.73247   0.78127   0.99166   1.06503   1.05385   1.07014   1.02786
   0.73716   0.77164   0.92362   0.99250   1.02123   1.03174   1.03456
   0.73876   0.81274   0.94922   0.97036   1.03876   1.04835   1.03198
   0.73387   0.80739   0.94363   1.02571   1.07094   1.09303   1.03460
   0.72904   0.80963   0.94661   0.98187   1.03898   1.02745   1.01371
   0.73638   0.78268   0.93288   0.96515   0.98501   1.00621   1.01278
   0.73783   0.78611   0.95529   0.98959   1.00572   1.03037   1.01504
   0.73710   0.77875   0.96173   0.97516   1.01770   1.02989   1.01409
   0.73358   0.75085   1.00720   1.05016   1.01231   1.01496   1.01333
   0.73685   0.75728   0.91625   1.06279   1.04009   1.01677   1.01336
   0.73776   0.78719   0.91014   0.97359   1.05755   1.02799   1.01440
   0.73917   0.79315   0.94900   0.98582   1.03780   1.03050   1.01470
   0.74845   0.79472   0.95158   0.98369   1.06813   1.06690   1.01666
   0.74634   0.80815   0.96121   0.97487   1.03759   1.05943   1.01964
   0.73577   0.80071   0.96330   0.98666   1.01131   1.03060   1.01570
   0.72577   0.80634   1.10586   1.11220   1.05860   1.05057   1.02036
   0.74428   0.83537   0.99210   0.98393   1.03325   1.03194   1.01725
   0.73537   0.77432   0.94991   0.98851   1.05344   1.04290   1.02867
   0.73794   0.79477   0.97313   1.03973   1.10517   1.07891   1.02940
   0.73314   0.78774   0.96309   1.04604   1.11918   1.10466   1.01782
   0.71684   0.78412   0.96352   1.03871   1.08478   1.02670   1.00559
   0.73032   0.78560   0.95372   0.96427   0.96574   0.97583   1.00587
   0.73767   0.79302   0.95891   0.97617   0.98735   1.00325   1.01188
   0.73777   0.79306   0.96002   0.98265   1.00633   1.01398   1.01299
   0.73363   0.78042   1.00699   1.00313   1.00773   1.01493   1.01333
   0.73701   0.78079   0.95446   0.99939   1.01461   1.01539   1.01334
   0.73777   0.78955   0.93342   0.97566   1.01690   1.01819   1.01375
   0.73779   0.79244   0.94515   0.96259   1.00865   1.02776   1.01387
   0.73780   0.79321   0.95568   0.96666   1.03452   1.06331   1.01716
   0.73850   0.79543   0.96126   0.97941   1.01999   1.05438   1.01813
   0.75087   0.83433   0.99066   0.99016   1.02114   1.04985   1.01823
   0.76529   0.89014   1.03466   0.99895   1.02100   1.03522   1.01873
   0.76992   0.81828   0.93444   0.97216   1.01284   1.02308   1.01799
   0.74029   0.78721   0.95233   0.97843   1.01753   1.02455   1.01716
   0.73794   0.79558   0.96549   1.01023   1.08747   1.06514   1.02178
   0.73759   0.79515   0.97058   1.04663   1.15421   1.09087   1.01528
   0.73579   0.79449   0.97228   1.07189   1.12579   1.03422   1.00899
   0.73674   0.79300   0.95985   0.97510   0.95842   0.97086   1.00761
   0.73778   0.79328   0.95957   0.97085   0.96604   0.99458   1.01184
   0.73778   0.79329   0.96007   0.98080   0.99999   1.01270   1.01323
   0.73762   0.79401   0.96102   0.98424   1.00715   1.01492   1.01333
   0.73774   0.78676   0.93476   0.98562   1.00971   1.01498   1.01333
   0.73777   0.78767   0.92649   0.96908   1.00826   1.01647   1.01347
   0.73778   0.79212   0.94313   0.94962   1.00780   1.02828   1.01366
   0.73778   0.79326   0.95779   0.96905   1.03797   1.05479   1.01544
   0.73788   0.79342   0.96016   0.98410   1.03729   1.05272   1.01632
   0.74218   0.79977   0.96154   0.98348   1.01685   1.03442   1.01540
   0.74701   0.80384   0.96159   0.98378   1.00924   1.01840   1.01417
   0.74859   0.79025   0.95670   0.98365   1.01144   1.02095   1.01611
   0.73985   0.79103   0.95921   0.98312   1.01126   1.01947   1.01500
   0.73784   0.79352   0.96077   0.99662   1.04549   1.03325   1.01482
   0.73778   0.79331   0.96496   1.02977   1.11642   1.05051   1.01416
   0.73778   0.79336   0.97158   1.06273   1.11012   1.02934   1.01247
   0.73778   0.79331   0.96131   0.98467   0.97336   0.99040   1.01145
   0.73778   0.79329   0.95954   0.96955   0.96607   0.99866   1.01251
   0.73778   0.79329   0.95997   0.97857   0.99656   1.01233   1.01326
