   17   16    7
 -24.00000   3.00000 -30.00000   4.00000  -1.00000   2.00000
   0.00824   0.03820   0.01931   0.00477   0.02760   0.01829   0.00085
   0.00183   0.01851   0.03205   0.01498   0.03150   0.02932   0.00266
   0.00008   0.01200   0.06650   0.04974   0.02154   0.01435   0.00271
   0.00598   0.04601   0.07092   0.09919   0.07423   0.02089   0.00363
   0.02809   0.22848   0.20472   0.12411   0.08738   0.02215   0.00507
   0.01071   0.11780   0.15278   0.08419   0.03449   0.00970   0.00333
   0.00020   0.00650   0.02612   0.04156   0.02172   0.00939   0.00338
   0.01959   0.06971   0.04131   0.01475   0.01961   0.01482   0.00453
   0.09816   0.27467   0.10283   0.01218   0.02213   0.01378   0.00316
   0.03679   0.09733   0.03310   0.01361   0.02881   0.01152   0.00146
   0.00024   0.00094   0.00194   0.01929   0.02523   0.00629   0.00084
   0.00003   0.00001   0.00075   0.00747   0.00768   0.00179   0.00028
   0.00002   0.00001   0.00025   0.00253   0.00274   0.00047   0.00002
   0.00000   0.00009   0.00301   0.00880   0.00392   0.00034   0.00001
   0.00000   0.00169   0.02087   0.02366   0.00355   0.00012   0.00000
   0.00000   0.00456   0.03365   0.02147   0.00115   0.00001   0.00000
   0.02167   0.15111   0.12521   0.01747   0.01771   0.01556   0.00148
   0.00942   0.08999   0.15432   0.05361   0.04372   0.05019   0.00744
   0.01539   0.03035   0.10941   0.09880   0.04742   0.04420   0.01154
   0.00664   0.03206   0.09568   0.15071   0.11278   0.04499   0.01134
   0.00724   0.14074   0.30331   0.24022   0.16948   0.05315   0.01273
   0.00333   0.09965   0.30507   0.23250   0.09654   0.02860   0.00975
   0.00011   0.01162   0.09424   0.14363   0.06003   0.02286   0.00933
   0.00699   0.06875   0.13159   0.09380   0.04812   0.02368   0.00785
   0.03642   0.25298   0.27251   0.07389   0.03934   0.02237   0.00529
   0.01783   0.10791   0.10974   0.03752   0.04124   0.01881   0.00315
   0.00328   0.00667   0.00942   0.03057   0.03648   0.01138   0.00209
   0.02061   0.02469   0.00632   0.01281   0.01422   0.00454   0.00095
   0.01592   0.01513   0.00263   0.00638   0.00811   0.00227   0.00038
   0.00417   0.00451   0.00680   0.02587   0.01516   0.00184   0.00017
   0.00676   0.00591   0.02327   0.05218   0.01541   0.00060   0.00002
   0.00081   0.00182   0.01906   0.02366   0.00337   0.00003   0.00000
   0.00466   0.06039   0.09664   0.02835   0.00708   0.00714   0.00144
   0.03577   0.07256   0.19936   0.13159   0.03938   0.03625   0.00856
   0.17100   0.19098   0.20389   0.19909   0.08388   0.06591   0.02167
   0.09824   0.18313   0.21938   0.23734   0.14102   0.07422   0.02743
   0.02461   0.07006   0.24900   0.33564   0.22367   0.09225   0.02603
   0.00264   0.03024   0.24998   0.38218   0.19846   0.07031   0.02053
   0.00157   0.00677   0.12343   0.28805   0.14488   0.04582   0.01760
   0.00064   0.02207   0.14369   0.24237   0.11207   0.03276   0.01201
   0.01986   0.10714   0.27539   0.19680   0.07697   0.03109   0.00934
   0.13232   0.13894   0.17121   0.10287   0.05031   0.02414   0.00580
   0.07887   0.07789   0.06611   0.05522   0.04050   0.01662   0.00349
   0.08603   0.17710   0.08217   0.02949   0.02037   0.00764   0.00200
   0.06157   0.10397   0.05075   0.02571   0.02046   0.00591   0.00103
   0.06950   0.13523   0.06355   0.04426   0.03648   0.00548   0.00034
   0.10387   0.11943   0.03020   0.03652   0.02213   0.00170   0.00002
   0.01095   0.00829   0.00333   0.00772   0.00280   0.00009   0.00000
   0.00002   0.00208   0.01486   0.02140   0.00928   0.00473   0.00130
   0.02836   0.02105   0.05468   0.10060   0.04103   0.01640   0.00522
   0.16346   0.20740   0.16862   0.21514   0.12968   0.05460   0.01885
   0.19315   0.35082   0.41271   0.38954   0.23238   0.10233   0.03804
   0.09846   0.21847   0.39439   0.53563   0.34780   0.15735   0.05503
   0.03135   0.05359   0.22673   0.52067   0.35592   0.16196   0.05297
   0.02741   0.03230   0.12533   0.41685   0.28259   0.10650   0.03810
   0.00194   0.01665   0.13594   0.36237   0.23359   0.06877   0.02481
   0.03882   0.13416   0.28232   0.32893   0.16535   0.05510   0.01700
   0.25895   0.37990   0.29803   0.23158   0.09294   0.03386   0.00908
   0.14153   0.20843   0.20840   0.14777   0.05970   0.02178   0.00546
   0.03759   0.17477   0.22557   0.11385   0.03840   0.01385   0.00352
   0.02636   0.13303   0.21708   0.10393   0.04357   0.01437   0.00189
   0.07763   0.27888   0.24511   0.06864   0.03900   0.00980   0.00058
   0.09368   0.17023   0.06840   0.01459   0.01216   0.00215   0.00004
   0.00846   0.00840   0.00140   0.00105   0.00104   0.00011   0.00000
   0.00000   0.00046   0.01078   0.04198   0.02364   0.00330   0.00108
   0.01712   0.01145   0.01246   0.06460   0.05778   0.01230   0.00291
   0.13063   0.15141   0.08245   0.11628   0.14004   0.04840   0.01125
   0.14053   0.28233   0.31183   0.32662   0.29896   0.13652   0.03597
   0.04556   0.18673   0.43592   0.65084   0.54581   0.27278   0.08373
   0.02852   0.07284   0.28207   0.66006   0.59961   0.33549   0.10713
   0.02927   0.07269   0.19795   0.56441   0.47705   0.24301   0.08746
   0.00314   0.04204   0.23102   0.50403   0.39086   0.16080   0.05565
   0.01282   0.13095   0.40519   0.48495   0.28336   0.11135   0.03169
   0.05985   0.27893   0.46382   0.42582   0.18387   0.05890   0.01768
   0.03655   0.17147   0.33225   0.31519   0.11681   0.03589   0.01058
   0.01280   0.08506   0.26982   0.25802   0.08165   0.02693   0.00649
   0.02032   0.07327   0.25697   0.20898   0.06278   0.02136   0.00400
   0.01300   0.08338   0.18528   0.09432   0.02808   0.00980   0.00113
   0.00563   0.02726   0.03234   0.01202   0.00671   0.00187   0.00008
   0.00042   0.00075   0.00049   0.00163   0.00260   0.00048   0.00002
   0.00020   0.02081   0.08108   0.07830   0.03235   0.00290   0.00052
   0.00286   0.01096   0.06777   0.12440   0.08691   0.01565   0.00218
   0.05708   0.07539   0.07041   0.12266   0.14578   0.05269   0.00844
   0.10697   0.21035   0.22691   0.24237   0.26486   0.14567   0.03387
   0.04406   0.13254   0.32009   0.54116   0.57337   0.32794   0.08374
   0.01483   0.05596   0.26631   0.66478   0.78823   0.46836   0.12077
   0.00664   0.05092   0.25294   0.61495   0.68461   0.41048   0.12693
   0.00803   0.06376   0.31761   0.62744   0.56495   0.29407   0.09619
   0.02874   0.13115   0.47373   0.67164   0.43903   0.18953   0.05649
   0.03281   0.21551   0.57515   0.64094   0.34454   0.11936   0.03453
   0.02672   0.24058   0.52278   0.50239   0.25239   0.07793   0.01985
   0.07269   0.25863   0.38258   0.35704   0.16708   0.04302   0.00968
   0.16909   0.20020   0.21190   0.22132   0.08942   0.02209   0.00427
   0.05294   0.08252   0.10217   0.07857   0.02864   0.00742   0.00101
   0.05700   0.07221   0.02871   0.01248   0.01021   0.00308   0.00027
   0.03938   0.01900   0.00264   0.00313   0.00593   0.00197   0.00027
   0.00072   0.07556   0.24780   0.11251   0.02073   0.00156   0.00010
   0.00014   0.03463   0.24992   0.25132   0.07279   0.01033   0.00105
   0.00434   0.01341   0.11712   0.26792   0.14772   0.03695   0.00575
   0.01710   0.05970   0.12905   0.27438   0.26083   0.11999   0.02946
   0.02741   0.09678   0.27311   0.45556   0.51431   0.30427   0.07067
   0.01791   0.08031   0.32501   0.61400   0.79288   0.52035   0.11526
   0.01244   0.06675   0.30021   0.64589   0.84379   0.55965   0.13445
   0.05529   0.14335   0.36149   0.68764   0.75161   0.43218   0.11067
   0.20221   0.29632   0.48693   0.70730   0.62940   0.29798   0.07364
   0.14577   0.35600   0.61514   0.66042   0.54158   0.22361   0.04991
   0.06786   0.33824   0.63785   0.53455   0.39568   0.14930   0.03141
   0.06837   0.34127   0.51194   0.36093   0.23215   0.07454   0.01515
   0.13599   0.25793   0.29202   0.20792   0.10150   0.02781   0.00543
   0.06434   0.18802   0.20750   0.08625   0.02744   0.00947   0.00224
   0.16447   0.23294   0.09987   0.01957   0.00707   0.00549   0.00140
   0.11127   0.06310   0.01428   0.00452   0.00329   0.00326   0.00083
   0.00020   0.02851   0.11422   0.05990   0.00865   0.00085   0.00010
   0.00003   0.01554   0.15133   0.19822   0.05822   0.00652   0.00055
   0.00185   0.00511   0.08864   0.26755   0.16748   0.03399   0.00513
   0.01357   0.03136   0.08799   0.25961   0.27990   0.11679   0.02938
   0.01444   0.06841   0.19813   0.34723   0.41891   0.26136   0.06536
   0.01163   0.07881   0.29062   0.50985   0.63853   0.47243   0.11371
   0.01023   0.07972   0.31115   0.67065   0.90593   0.65011   0.15863
   0.06361   0.17711   0.39566   0.75610   0.98443   0.60999   0.14000
   0.18030   0.34229   0.54260   0.69343   0.81849   0.46785   0.09537
   0.10606   0.32193   0.63964   0.63537   0.69524   0.35184   0.06634
   0.04366   0.23873   0.58275   0.54209   0.51129   0.24186   0.04867
   0.01180   0.16092   0.45907   0.41153   0.27613   0.12361   0.02872
   0.01162   0.11344   0.30731   0.27924   0.12163   0.04708   0.01381
   0.01249   0.09729   0.21654   0.16261   0.04861   0.02089   0.00855
   0.03766   0.09201   0.11377   0.08195   0.02263   0.01434   0.00580
   0.02204   0.02198   0.04251   0.04249   0.01034   0.00864   0.00310
   0.00000   0.00054   0.00422   0.00420   0.00094   0.00036   0.00011
   0.00013   0.00257   0.01558   0.03020   0.01368   0.00253   0.00053
   0.01302   0.01773   0.05119   0.09641   0.08195   0.02968   0.00643
   0.08511   0.10464   0.11398   0.16513   0.20792   0.10717   0.02520
   0.05532   0.13483   0.20187   0.25607   0.33208   0.21704   0.05047
   0.01968   0.07528   0.22494   0.39799   0.50149   0.39228   0.09139
   0.01382   0.06741   0.22022   0.54337   0.80851   0.62047   0.14743
   0.12007   0.19798   0.32926   0.68619   1.00000   0.69831   0.15317
   0.12840   0.24016   0.44250   0.69089   0.89283   0.58067   0.11713
   0.01871   0.14263   0.46568   0.67200   0.82149   0.45967   0.08517
   0.00682   0.10984   0.40600   0.61501   0.63612   0.31756   0.05791
   0.00604   0.09618   0.38325   0.51577   0.36041   0.16797   0.03660
   0.02884   0.17998   0.34799   0.34435   0.18959   0.08192   0.02513
   0.05929   0.15600   0.18283   0.22080   0.12225   0.04508   0.01770
   0.01489   0.04713   0.09656   0.14536   0.07070   0.02624   0.01157
   0.00781   0.02597   0.05486   0.08021   0.02561   0.01368   0.00596
   0.00241   0.00158   0.00028   0.00004   0.00005   0.00005   0.00002
   0.03061   0.05199   0.02843   0.00527   0.00437   0.00417   0.00060
   0.03492   0.12807   0.15664   0.06042   0.03832   0.03323   0.00698
   0.04226   0.09429   0.20504   0.17578   0.12214   0.06832   0.01621
   0.02300   0.06064   0.16125   0.27333   0.28264   0.15046   0.02869
   0.01112   0.03767   0.12979   0.33972   0.48345   0.33086   0.06132
   0.01077   0.03921   0.11414   0.38808   0.67801   0.49753   0.09453
   0.05772   0.09381   0.19977   0.49300   0.81226   0.59235   0.10739
   0.06345   0.15258   0.36562   0.61191   0.86986   0.57965   0.09726
   0.01721   0.14091   0.36007   0.58855   0.84945   0.51926   0.08961
   0.02728   0.13551   0.31378   0.50616   0.61001   0.37781   0.07182
   0.05258   0.13819   0.31790   0.41225   0.34696   0.21198   0.04978
   0.06797   0.24501   0.32874   0.24595   0.18159   0.11125   0.03991
   0.16237   0.27997   0.16366   0.16060   0.12000   0.06722   0.03305
   0.04226   0.07552   0.07548   0.12398   0.07801   0.03860   0.01985
   0.01954   0.05249   0.03654   0.05806   0.02960   0.01586   0.00712
   0.01801   0.00740   0.00060   0.00028   0.00080   0.00025   0.00000
   0.19668   0.18002   0.04698   0.00762   0.01817   0.00944   0.00060
   0.15460   0.33698   0.24284   0.06675   0.06479   0.04048   0.00530
   0.01026   0.10453   0.26265   0.20683   0.14357   0.07256   0.01168
   0.00269   0.01297   0.11849   0.27964   0.27356   0.13912   0.02228
   0.02511   0.03461   0.08763   0.30304   0.38819   0.20632   0.03522
   0.01802   0.03692   0.09254   0.35396   0.49961   0.25772   0.04346
   0.00282   0.01869   0.10590   0.38537   0.59965   0.32862   0.04805
   0.03775   0.15657   0.28222   0.45125   0.69016   0.41209   0.05483
   0.12630   0.33835   0.34926   0.44871   0.69394   0.44020   0.06268
   0.08201   0.18970   0.26341   0.38932   0.52545   0.39184   0.07197
   0.12006   0.15849   0.24503   0.30748   0.31671   0.23219   0.06867
   0.03774   0.11311   0.20917   0.19291   0.16136   0.10291   0.06188
   0.05181   0.12680   0.11372   0.12268   0.08014   0.06459   0.05306
   0.01936   0.03188   0.04207   0.09759   0.05288   0.05711   0.03313
   0.00378   0.00979   0.02328   0.06321   0.03494   0.03445   0.01164
   0.00897   0.00300   0.00062   0.00447   0.00469   0.00057   0.00000
   0.09253   0.06640   0.01490   0.02852   0.04485   0.01065   0.00039
   0.06779   0.11533   0.07154   0.06297   0.12108   0.04415   0.00327
   0.00372   0.03349   0.07995   0.09403   0.18357   0.09439   0.00955
   0.00134   0.01977   0.09217   0.13212   0.17561   0.11906   0.01788
   0.00809   0.03099   0.15499   0.24730   0.21650   0.11578   0.02063
   0.00531   0.01512   0.14506   0.36804   0.29578   0.13355   0.02473
   0.00085   0.00589   0.09631   0.34700   0.34834   0.16491   0.02913
   0.04499   0.09137   0.12616   0.28067   0.37570   0.21261   0.03367
   0.17986   0.25682   0.16248   0.24627   0.35964   0.23508   0.03452
   0.05961   0.08714   0.14666   0.26021   0.29326   0.21767   0.04115
   0.02370   0.04858   0.16450   0.20966   0.20833   0.15494   0.05127
   0.01272   0.07406   0.14148   0.14102   0.13123   0.09732   0.06481
   0.06918   0.14807   0.10931   0.14149   0.08501   0.08747   0.07141
   0.05578   0.06350   0.08093   0.12094   0.04849   0.09305   0.05141
   0.00263   0.01004   0.05513   0.05537   0.02986   0.06585   0.02036
   0.00009   0.00044   0.01107   0.02743   0.00979   0.00040   0.00001
   0.00088   0.00091   0.02204   0.10303   0.07178   0.00835   0.00037
   0.00063   0.00116   0.01208   0.11930   0.17155   0.03974   0.00197
   0.00457   0.00942   0.00941   0.05771   0.17095   0.07420   0.00648
   0.04274   0.12582   0.11664   0.06499   0.14787   0.09056   0.01154
   0.02825   0.15354   0.26831   0.16527   0.15655   0.10650   0.01587
   0.00123   0.04017   0.25066   0.28906   0.14705   0.10981   0.02053
   0.00039   0.02012   0.20847   0.32411   0.14893   0.08920   0.02032
   0.00483   0.01287   0.10861   0.22999   0.16348   0.08403   0.01809
   0.01979   0.02116   0.04486   0.11561   0.15283   0.10243   0.01547
   0.00598   0.02329   0.12608   0.16229   0.13797   0.09995   0.01577
   0.00405   0.08661   0.23655   0.16764   0.12104   0.07767   0.01743
   0.00918   0.08264   0.11937   0.06705   0.05533   0.04378   0.02162
   0.02455   0.03957   0.03495   0.05129   0.02967   0.04525   0.02765
   0.02199   0.02604   0.07086   0.07223   0.02747   0.05644   0.02353
   0.00136   0.02332   0.08109   0.04245   0.02226   0.04451   0.01070
   0.00011   0.01396   0.08332   0.07051   0.00904   0.00019   0.00001
   0.00002   0.00689   0.09389   0.17921   0.06595   0.00479   0.00025
   0.00000   0.00057   0.02645   0.14271   0.13707   0.02173   0.00094
   0.02063   0.01456   0.00772   0.08630   0.16890   0.04883   0.00329
   0.17196   0.18573   0.06174   0.07060   0.16829   0.07333   0.00651
   0.09697   0.19017   0.13811   0.05762   0.11269   0.08589   0.01084
   0.00797   0.11004   0.24623   0.10635   0.05271   0.06695   0.01180
   0.00822   0.14184   0.37410   0.19425   0.04153   0.03975   0.00894
   0.00119   0.03808   0.16656   0.15039   0.05190   0.02770   0.00645
   0.00011   0.00539   0.02926   0.04583   0.06798   0.04948   0.00623
   0.00053   0.01640   0.05459   0.04877   0.09509   0.07438   0.00799
   0.03267   0.17170   0.19596   0.08448   0.11185   0.06575   0.00717
   0.10654   0.25113   0.13773   0.04237   0.05730   0.03030   0.00583
   0.03006   0.03913   0.01228   0.00613   0.01143   0.01545   0.00520
   0.00019   0.00178   0.00823   0.00614   0.00713   0.01451   0.00398
   0.00008   0.00591   0.01545   0.00587   0.00586   0.00896   0.00148
   0.00155   0.06154   0.16210   0.06073   0.00361   0.00007   0.00000
   0.00024   0.02264   0.13143   0.13820   0.03318   0.00148   0.00005
   0.00000   0.00197   0.04693   0.16436   0.09863   0.00865   0.00033
   0.00758   0.00306   0.02028   0.14198   0.14014   0.02369   0.00145
   0.05820   0.03201   0.00990   0.06861   0.11607   0.04276   0.00326
   0.03130   0.03400   0.01474   0.01378   0.05767   0.05086   0.00586
   0.08032   0.22681   0.14097   0.01703   0.01988   0.03339   0.00561
   0.12222   0.38804   0.29578   0.05035   0.00875   0.01356   0.00284
   0.01886   0.09571   0.12157   0.03957   0.00973   0.00848   0.00178
   0.00313   0.01671   0.02177   0.01366   0.03097   0.02187   0.00251
   0.00024   0.00303   0.00554   0.02091   0.09166   0.05085   0.00351
   0.03616   0.07136   0.03483   0.04541   0.12684   0.05393   0.00336
   0.16768   0.17346   0.04082   0.04266   0.08498   0.02958   0.00295
   0.05894   0.03937   0.00509   0.00821   0.01978   0.01236   0.00236
   0.00022   0.00006   0.00009   0.00179   0.00614   0.00732   0.00146
   0.00000   0.00002   0.00005   0.00036   0.00280   0.00457   0.00065
   0.00264   0.04886   0.07495   0.01719   0.00083   0.00001   0.00000
   0.00045   0.01941   0.08775   0.08152   0.01337   0.00025   0.00000
   0.00001   0.00428   0.08025   0.16006   0.04658   0.00237   0.00015
   0.00004   0.00114   0.03971   0.12742   0.06836   0.01088   0.00072
   0.00024   0.00008   0.00470   0.03642   0.05884   0.02616   0.00177
   0.00276   0.00333   0.00085   0.00342   0.02713   0.02864   0.00313
   0.12309   0.13779   0.02694   0.00104   0.00894   0.01529   0.00246
   0.18873   0.23675   0.05941   0.00278   0.00180   0.00352   0.00066
   0.04765   0.07110   0.02612   0.00234   0.00209   0.00219   0.00028
   0.01483   0.01985   0.00691   0.00325   0.01279   0.00832   0.00079
   0.00015   0.00037   0.00056   0.02119   0.06530   0.02297   0.00111
   0.00367   0.00287   0.00249   0.05782   0.12303   0.03103   0.00113
   0.02206   0.01164   0.00507   0.06395   0.09447   0.01953   0.00123
   0.00896   0.00365   0.00144   0.01786   0.03213   0.01135   0.00159
   0.00004   0.00001   0.00016   0.00357   0.00999   0.00589   0.00088
   0.00000   0.00000   0.00006   0.00102   0.00262   0.00211   0.00022
   0.00047   0.00641   0.01169   0.00431   0.00016   0.00000   0.00000
   0.00007   0.00804   0.05999   0.04520   0.00315   0.00003   0.00000
   0.00000   0.00836   0.09154   0.09543   0.01250   0.00094   0.00006
   0.00000   0.00186   0.03027   0.05704   0.02386   0.00575   0.00027
   0.00000   0.00002   0.00135   0.00967   0.02185   0.01296   0.00071
   0.00033   0.00019   0.00001   0.00089   0.01222   0.01351   0.00126
   0.01612   0.00951   0.00056   0.00015   0.00400   0.00574   0.00073
   0.02594   0.01624   0.00119   0.00001   0.00033   0.00056   0.00008
   0.01988   0.01088   0.00102   0.00007   0.00047   0.00037   0.00002
   0.00881   0.00448   0.00043   0.00100   0.00407   0.00209   0.00010
   0.00008   0.00005   0.00038   0.01330   0.02618   0.00636   0.00021
   0.00000   0.00000   0.00257   0.05107   0.07145   0.01030   0.00022
   0.00000   0.00000   0.00539   0.05933   0.05992   0.00683   0.00021
   0.00000   0.00000   0.00190   0.02034   0.02597   0.00544   0.00051
   0.00000   0.00000   0.00020   0.00451   0.01041   0.00401   0.00042
   0.00000   0.00000   0.00012   0.00152   0.00285   0.00127   0.00009
   0.00528   0.03445   0.02340   0.00467   0.01887   0.01115   0.00036
   0.00102   0.01508   0.03672   0.02123   0.02490   0.02072   0.00150
   0.00004   0.00936   0.07143   0.06645   0.02231   0.01210   0.00166
   0.00475   0.04565   0.07343   0.09463   0.06338   0.02347   0.00412
   0.02137   0.22578   0.23061   0.10731   0.07565   0.02632   0.00558
   0.00802   0.11302   0.15714   0.06671   0.03052   0.01047   0.00249
   0.00017   0.00604   0.02188   0.02703   0.01307   0.00316   0.00078
   0.02084   0.07866   0.05105   0.01167   0.00531   0.00179   0.00030
   0.11097   0.31693   0.12678   0.01089   0.00306   0.00115   0.00010
   0.04422   0.11410   0.03673   0.00280   0.00275   0.00132   0.00028
   0.00035   0.00119   0.00075   0.00150   0.00153   0.00044   0.00023
   0.00003   0.00001   0.00018   0.00088   0.00068   0.00012   0.00002
   0.00002   0.00001   0.00003   0.00037   0.00053   0.00013   0.00001
   0.00000   0.00003   0.00080   0.00233   0.00117   0.00013   0.00000
   0.00000   0.00074   0.00864   0.00935   0.00130   0.00003   0.00000
   0.00000   0.00215   0.01543   0.00948   0.00044   0.00000   0.00000
   0.01398   0.13726   0.14485   0.02411   0.01248   0.00905   0.00049
   0.00624   0.06894   0.15834   0.07379   0.03753   0.03419   0.00382
   0.01437   0.02327   0.10129   0.12697   0.05570   0.03675   0.00752
   0.00610   0.03014   0.09228   0.15829   0.10685   0.04535   0.01173
   0.00477   0.12690   0.32244   0.24023   0.14425   0.05387   0.01510
   0.00206   0.08671   0.30624   0.22870   0.08849   0.03150   0.00799
   0.00008   0.01056   0.08670   0.12229   0.04413   0.01045   0.00278
   0.00700   0.07041   0.14782   0.09854   0.02647   0.00428   0.00106
   0.04238   0.28509   0.31393   0.08848   0.01280   0.00270   0.00040
   0.02381   0.13627   0.11961   0.02101   0.00541   0.00250   0.00053
   0.00381   0.00824   0.00738   0.00337   0.00245   0.00096   0.00022
   0.02183   0.02665   0.00563   0.00175   0.00164   0.00069   0.00015
   0.01733   0.01703   0.00238   0.00130   0.00189   0.00085   0.00017
   0.00444   0.00448   0.00310   0.00992   0.00546   0.00065   0.00004
   0.00722   0.00562   0.01066   0.02292   0.00627   0.00017   0.00000
   0.00087   0.00108   0.00830   0.01007   0.00133   0.00001   0.00000
   0.00300   0.05259   0.10096   0.03487   0.00586   0.00371   0.00039
   0.03099   0.05517   0.18919   0.16166   0.04350   0.02407   0.00375
   0.15345   0.16917   0.17100   0.22271   0.10875   0.05644   0.01353
   0.09532   0.17363   0.20032   0.24491   0.16439   0.07613   0.02478
   0.02646   0.06823   0.23893   0.34517   0.21571   0.08537   0.02660
   0.00309   0.02526   0.23055   0.38965   0.19952   0.06936   0.01631
   0.00196   0.00620   0.11237   0.27357   0.13654   0.03590   0.00883
   0.00062   0.01930   0.13890   0.25580   0.10409   0.01545   0.00378
   0.02358   0.12453   0.29594   0.21591   0.06142   0.01035   0.00212
   0.16046   0.18902   0.20186   0.07915   0.01963   0.00610   0.00129
   0.09464   0.09079   0.06694   0.02642   0.00811   0.00242   0.00037
   0.09037   0.19142   0.09084   0.01786   0.00457   0.00152   0.00057
   0.06704   0.11624   0.05352   0.01571   0.00716   0.00208   0.00046
   0.07659   0.14145   0.06026   0.02331   0.01560   0.00192   0.00007
   0.11373   0.12626   0.02693   0.01690   0.00924   0.00059   0.00001
   0.01193   0.00878   0.00177   0.00291   0.00093   0.00002   0.00000
   0.00001   0.00142   0.01210   0.02066   0.00764   0.00159   0.00048
   0.02589   0.01798   0.04574   0.10233   0.04396   0.00954   0.00186
   0.14867   0.18364   0.14357   0.21547   0.15574   0.04914   0.01072
   0.18536   0.32545   0.37408   0.37162   0.27216   0.11422   0.03362
   0.09381   0.20920   0.36385   0.51429   0.37605   0.16483   0.05468
   0.03655   0.05831   0.20463   0.48283   0.37209   0.16565   0.04895
   0.03228   0.04051   0.11973   0.38335   0.28941   0.11596   0.03401
   0.00209   0.01597   0.12511   0.36728   0.24705   0.06481   0.01772
   0.04273   0.15276   0.30924   0.34137   0.16737   0.04228   0.00942
   0.30376   0.47304   0.37795   0.21136   0.07008   0.02006   0.00456
   0.17036   0.24900   0.22763   0.12243   0.03584   0.00842   0.00217
   0.03916   0.18772   0.24767   0.10875   0.02338   0.00535   0.00178
   0.03005   0.15045   0.22704   0.09458   0.02465   0.00612   0.00098
   0.09182   0.30847   0.25404   0.05844   0.01945   0.00398   0.00023
   0.10615   0.18494   0.07097   0.00975   0.00467   0.00065   0.00001
   0.00935   0.00900   0.00137   0.00032   0.00024   0.00002   0.00000
   0.00000   0.00047   0.01027   0.03952   0.02190   0.00200   0.00043
   0.01858   0.01371   0.01148   0.06082   0.05791   0.00944   0.00102
   0.13365   0.16719   0.09577   0.11426   0.14959   0.04745   0.00652
   0.12953   0.26750   0.32174   0.33636   0.32953   0.15307   0.03340
   0.03715   0.14478   0.37566   0.63152   0.57751   0.29957   0.08578
   0.03187   0.06931   0.22361   0.56744   0.59763   0.35512   0.10479
   0.03235   0.08309   0.19058   0.47059   0.46299   0.27950   0.08945
   0.00314   0.04259   0.22928   0.47040   0.39401   0.17898   0.05860
   0.01275   0.13440   0.43482   0.49120   0.27635   0.10515   0.03229
   0.06642   0.31616   0.54790   0.43544   0.16105   0.04818   0.01628
   0.04427   0.19445   0.36112   0.32169   0.10198   0.02457   0.00814
   0.01370   0.09382   0.29236   0.27444   0.06994   0.01619   0.00407
   0.02493   0.09970   0.28233   0.21210   0.04838   0.01165   0.00217
   0.01867   0.10518   0.19862   0.09377   0.01761   0.00402   0.00046
   0.00725   0.03135   0.03391   0.01014   0.00260   0.00040   0.00002
   0.00047   0.00082   0.00042   0.00077   0.00098   0.00015   0.00002
   0.00016   0.02180   0.09067   0.07711   0.02745   0.00234   0.00031
   0.00307   0.01176   0.07597   0.12776   0.08050   0.01455   0.00090
   0.05622   0.08286   0.08516   0.13023   0.14093   0.05108   0.00608
   0.09656   0.20510   0.26294   0.28869   0.28322   0.15178   0.03173
   0.03959   0.10684   0.29690   0.59191   0.63141   0.35383   0.08313
   0.01532   0.04781   0.21141   0.61093   0.79834   0.49125   0.11279
   0.00736   0.05113   0.23136   0.52359   0.65080   0.44269   0.12127
   0.00967   0.06686   0.31390   0.54845   0.53774   0.32304   0.10301
   0.03352   0.13377   0.47261   0.63154   0.41718   0.18334   0.06349
   0.03600   0.22310   0.58707   0.66396   0.36007   0.10712   0.03417
   0.02965   0.24341   0.52251   0.55322   0.27526   0.06479   0.01668
   0.07006   0.27178   0.42284   0.39479   0.16664   0.03369   0.00761
   0.18493   0.24654   0.23730   0.23011   0.08486   0.01444   0.00291
   0.05972   0.08689   0.10738   0.08286   0.02215   0.00287   0.00045
   0.05190   0.07561   0.03600   0.01080   0.00396   0.00081   0.00019
   0.03936   0.02295   0.00357   0.00134   0.00187   0.00065   0.00029
   0.00056   0.06916   0.24082   0.11284   0.01786   0.00124   0.00013
   0.00011   0.03115   0.24345   0.25226   0.06527   0.00857   0.00058
   0.00379   0.01205   0.11553   0.27137   0.13843   0.03246   0.00415
   0.01388   0.04930   0.13142   0.28744   0.25967   0.11679   0.02515
   0.02544   0.07947   0.25806   0.48143   0.54747   0.31721   0.06709
   0.01934   0.07161   0.28290   0.60203   0.82642   0.54975   0.11011
   0.01604   0.06382   0.26473   0.58925   0.81107   0.57569   0.12529
   0.06668   0.15446   0.35136   0.61693   0.70558   0.45004   0.11060
   0.24125   0.33387   0.47610   0.66494   0.64694   0.30474   0.07302
   0.16194   0.38159   0.59756   0.65980   0.61945   0.22120   0.04495
   0.07877   0.34565   0.62314   0.56956   0.45410   0.14799   0.02822
   0.06545   0.33344   0.52457   0.40955   0.26765   0.07444   0.01365
   0.13983   0.26450   0.29172   0.26491   0.13131   0.02422   0.00380
   0.05772   0.15615   0.23009   0.14812   0.03678   0.00578   0.00092
   0.14100   0.23560   0.14168   0.04375   0.00761   0.00256   0.00049
   0.10784   0.07428   0.02244   0.01083   0.00274   0.00135   0.00033
   0.00016   0.02403   0.09826   0.05351   0.00833   0.00071   0.00007
   0.00002   0.01298   0.13121   0.17510   0.05231   0.00561   0.00047
   0.00200   0.00481   0.07785   0.23997   0.14915   0.02978   0.00375
   0.01372   0.03100   0.08538   0.24362   0.26319   0.10788   0.02268
   0.01514   0.06149   0.17810   0.32592   0.41808   0.25979   0.05921
   0.01338   0.07244   0.25054   0.47061   0.64897   0.48507   0.10764
   0.01184   0.07837   0.29556   0.62614   0.87136   0.66231   0.15174
   0.07547   0.20678   0.42682   0.72544   0.93125   0.62406   0.13382
   0.21103   0.39569   0.58411   0.69726   0.83371   0.49589   0.08712
   0.11228   0.33113   0.65964   0.64478   0.75230   0.38500   0.05853
   0.05075   0.23480   0.55646   0.54250   0.58079   0.27550   0.04431
   0.01410   0.13392   0.38839   0.43737   0.36161   0.13805   0.02289
   0.00995   0.08445   0.24092   0.32383   0.19052   0.04699   0.00812
   0.00745   0.06165   0.18352   0.21305   0.08162   0.01729   0.00296
   0.02847   0.07686   0.11433   0.11369   0.03597   0.00857   0.00123
   0.02004   0.02114   0.04337   0.06135   0.01481   0.00420   0.00078
   0.00000   0.00044   0.00337   0.00334   0.00076   0.00019   0.00007
   0.00009   0.00216   0.01401   0.02686   0.01246   0.00225   0.00040
   0.01429   0.01734   0.05156   0.10167   0.08130   0.02717   0.00418
   0.09158   0.10891   0.11308   0.18431   0.22038   0.09954   0.01804
   0.06094   0.13990   0.18716   0.24363   0.35559   0.21168   0.04383
   0.02349   0.08350   0.21989   0.35464   0.49340   0.37494   0.08313
   0.01500   0.07294   0.22880   0.52298   0.78411   0.60806   0.14133
   0.14243   0.23938   0.35375   0.69674   1.00000   0.70505   0.14809
   0.14711   0.27680   0.48518   0.73650   0.89986   0.60157   0.11285
   0.01712   0.13445   0.50360   0.70142   0.82718   0.49718   0.07975
   0.00871   0.10538   0.39176   0.57400   0.66788   0.35923   0.05249
   0.01063   0.06935   0.27892   0.47623   0.42480   0.18137   0.02748
   0.02131   0.12777   0.27100   0.31842   0.23879   0.08577   0.01542
   0.04914   0.13205   0.14585   0.18950   0.14773   0.05201   0.00899
   0.01237   0.03590   0.07339   0.12914   0.08220   0.02884   0.00497
   0.00590   0.02228   0.04330   0.07642   0.02922   0.01254   0.00260
   0.00273   0.00190   0.00036   0.00002   0.00004   0.00003   0.00001
   0.03189   0.05700   0.03710   0.00799   0.00417   0.00350   0.00036
   0.03406   0.12462   0.18175   0.08877   0.04199   0.02853   0.00398
   0.04776   0.09053   0.19395   0.20252   0.13594   0.06338   0.00983
   0.02790   0.07244   0.15272   0.26236   0.28334   0.14392   0.02480
   0.01377   0.04812   0.14285   0.34802   0.46570   0.31514   0.06015
   0.01220   0.04221   0.12392   0.42835   0.70631   0.49646   0.09605
   0.06825   0.10314   0.19834   0.53385   0.88148   0.60564   0.10742
   0.06991   0.14951   0.36896   0.65376   0.93095   0.60657   0.09562
   0.01258   0.12899   0.40951   0.63641   0.91049   0.55334   0.08296
   0.03582   0.15926   0.34390   0.50327   0.66168   0.40719   0.06110
   0.06851   0.13620   0.28082   0.43332   0.39392   0.22227   0.03765
   0.05764   0.21013   0.34168   0.27069   0.21178   0.11865   0.02562
   0.14649   0.28161   0.18144   0.12749   0.13549   0.08287   0.01907
   0.03922   0.07351   0.06906   0.07754   0.07920   0.05352   0.01096
   0.01643   0.05250   0.03212   0.03127   0.02875   0.02192   0.00372
   0.02156   0.00969   0.00093   0.00024   0.00064   0.00018   0.00000
   0.22310   0.21794   0.06631   0.00965   0.01695   0.00774   0.00034
   0.16486   0.37453   0.30158   0.08737   0.06285   0.03332   0.00260
   0.00989   0.10686   0.29668   0.24300   0.13015   0.05971   0.00662
   0.00341   0.01438   0.13455   0.32424   0.27485   0.13343   0.01948
   0.03030   0.04045   0.09392   0.34079   0.41724   0.22460   0.03830
   0.02107   0.04210   0.09151   0.37020   0.53847   0.28706   0.05143
   0.00264   0.01864   0.10503   0.39575   0.64972   0.35011   0.05385
   0.03433   0.15678   0.30956   0.47134   0.74466   0.42622   0.05323
   0.12311   0.36764   0.41323   0.46081   0.76850   0.46513   0.05626
   0.09793   0.23012   0.28716   0.37321   0.57445   0.41142   0.05712
   0.14571   0.16670   0.21707   0.29555   0.32565   0.24126   0.04407
   0.03734   0.09745   0.20603   0.18164   0.16811   0.11277   0.02828
   0.04844   0.12833   0.11454   0.08932   0.10611   0.07213   0.02045
   0.01905   0.03324   0.02709   0.06330   0.07423   0.06078   0.01309
   0.00347   0.00971   0.01201   0.03459   0.04242   0.03613   0.00510
   0.01112   0.00410   0.00067   0.00389   0.00395   0.00043   0.00000
   0.11054   0.08665   0.02128   0.02612   0.04204   0.00857   0.00017
   0.07802   0.14436   0.10018   0.05501   0.09919   0.03428   0.00146
   0.00399   0.03967   0.10587   0.10205   0.15188   0.08749   0.00672
   0.00152   0.01883   0.10463   0.16231   0.18471   0.13092   0.01653
   0.01020   0.02815   0.15411   0.27278   0.22671   0.13485   0.02388
   0.00652   0.01438   0.12966   0.38392   0.31813   0.15121   0.02930
   0.00060   0.00552   0.08315   0.35743   0.39786   0.17975   0.03074
   0.04787   0.10636   0.13162   0.28684   0.42510   0.22068   0.03237
   0.19659   0.30729   0.17907   0.23601   0.41109   0.24249   0.03039
   0.06727   0.10251   0.12883   0.24994   0.35032   0.23390   0.03245
   0.02700   0.04308   0.14679   0.20013   0.22702   0.16799   0.03023
   0.01161   0.06394   0.14060   0.12101   0.14678   0.11040   0.02521
   0.06656   0.14878   0.09929   0.10417   0.12980   0.08871   0.02129
   0.05610   0.06354   0.04751   0.10702   0.09616   0.07036   0.01264
   0.00268   0.00463   0.03495   0.05991   0.05464   0.04093   0.00462
   0.00012   0.00036   0.00918   0.02422   0.00897   0.00032   0.00000
   0.00118   0.00107   0.01464   0.08432   0.06480   0.00599   0.00006
   0.00085   0.00177   0.00681   0.09034   0.15874   0.03618   0.00094
   0.00522   0.01154   0.01176   0.05155   0.18406   0.08543   0.00478
   0.04673   0.14076   0.14729   0.06491   0.13574   0.10402   0.01034
   0.02973   0.15777   0.30950   0.19393   0.12466   0.10778   0.01529
   0.00123   0.03558   0.25143   0.33274   0.15132   0.10105   0.01730
   0.00027   0.01558   0.19217   0.36550   0.18786   0.08764   0.01651
   0.00547   0.01173   0.09429   0.25561   0.20362   0.08642   0.01605
   0.02292   0.02520   0.03648   0.11862   0.16393   0.09287   0.01392
   0.00684   0.01715   0.09753   0.17997   0.15891   0.09711   0.01404
   0.00277   0.06790   0.22799   0.19626   0.12822   0.07925   0.01260
   0.00735   0.07508   0.13192   0.07172   0.06102   0.04481   0.00971
   0.02428   0.04088   0.03170   0.05846   0.06446   0.04394   0.00903
   0.02246   0.02244   0.05400   0.09407   0.06256   0.04053   0.00540
   0.00124   0.01303   0.07060   0.06317   0.03949   0.02339   0.00161
   0.00004   0.00960   0.07044   0.06673   0.00895   0.00009   0.00000
   0.00000   0.00408   0.07684   0.17970   0.06920   0.00326   0.00002
   0.00000   0.00028   0.02226   0.15686   0.15964   0.02152   0.00035
   0.02460   0.01878   0.00648   0.06837   0.16386   0.04867   0.00173
   0.20024   0.22904   0.08429   0.03444   0.12125   0.06769   0.00445
   0.10959   0.22177   0.17751   0.05456   0.08012   0.07418   0.00782
   0.00735   0.10637   0.26261   0.12896   0.04725   0.05308   0.00818
   0.00709   0.13064   0.39323   0.25042   0.05435   0.03260   0.00572
   0.00092   0.03169   0.16837   0.19016   0.06724   0.02700   0.00452
   0.00008   0.00460   0.02862   0.05121   0.06046   0.04602   0.00623
   0.00028   0.01120   0.05115   0.05594   0.07860   0.06547   0.00705
   0.02768   0.15611   0.22167   0.09707   0.09154   0.06348   0.00558
   0.10167   0.26040   0.17311   0.03691   0.03101   0.02276   0.00265
   0.03056   0.04372   0.01632   0.00751   0.00993   0.00940   0.00189
   0.00020   0.00136   0.01135   0.01539   0.01182   0.00992   0.00130
   0.00003   0.00489   0.02147   0.01463   0.00874   0.00566   0.00041
   0.00105   0.05765   0.17600   0.07303   0.00387   0.00001   0.00000
   0.00014   0.02053   0.14765   0.16661   0.03348   0.00073   0.00000
   0.00000   0.00133   0.03890   0.14490   0.08406   0.00563   0.00005
   0.00922   0.00385   0.00665   0.07862   0.10164   0.01724   0.00042
   0.06998   0.04180   0.00715   0.03031   0.08637   0.03600   0.00185
   0.03667   0.04089   0.01773   0.00771   0.04220   0.03803   0.00387
   0.08130   0.23664   0.16017   0.02221   0.01508   0.02398   0.00400
   0.12382   0.40847   0.35077   0.07451   0.00955   0.01136   0.00202
   0.01795   0.09580   0.14258   0.05611   0.01010   0.00685   0.00095
   0.00290   0.01668   0.02498   0.01396   0.02563   0.02296   0.00211
   0.00017   0.00263   0.00620   0.01303   0.06990   0.04943   0.00331
   0.03473   0.07490   0.04453   0.02631   0.10423   0.05576   0.00266
   0.17222   0.19605   0.05454   0.01480   0.05148   0.02561   0.00116
   0.06254   0.04616   0.00670   0.00206   0.00906   0.00620   0.00085
   0.00024   0.00008   0.00010   0.00095   0.00432   0.00363   0.00045
   0.00000   0.00006   0.00021   0.00041   0.00237   0.00214   0.00015
   0.00179   0.05134   0.09385   0.02073   0.00050   0.00000   0.00000
   0.00023   0.01614   0.07539   0.06016   0.00764   0.00006   0.00000
   0.00000   0.00164   0.04181   0.09893   0.03023   0.00094   0.00002
   0.00004   0.00013   0.01397   0.07477   0.05348   0.00723   0.00020
   0.00030   0.00005   0.00123   0.02055   0.04411   0.01920   0.00104
   0.00287   0.00347   0.00086   0.00184   0.01785   0.02053   0.00229
   0.13090   0.15282   0.03298   0.00130   0.00760   0.01388   0.00207
   0.20168   0.26738   0.07666   0.00458   0.00166   0.00346   0.00058
   0.04941   0.07974   0.03472   0.00353   0.00109   0.00124   0.00013
   0.01536   0.02212   0.00886   0.00216   0.01034   0.00737   0.00038
   0.00016   0.00040   0.00037   0.01131   0.05523   0.02568   0.00082
   0.00383   0.00335   0.00097   0.03175   0.10906   0.03548   0.00075
   0.02364   0.01387   0.00174   0.02426   0.07003   0.01976   0.00031
   0.00973   0.00438   0.00034   0.00509   0.01743   0.00669   0.00032
   0.00005   0.00001   0.00005   0.00170   0.00565   0.00266   0.00022
   0.00000   0.00000   0.00002   0.00080   0.00274   0.00104   0.00003
   0.00023   0.00456   0.00768   0.00207   0.00005   0.00000   0.00000
   0.00003   0.00409   0.03306   0.02559   0.00162   0.00000   0.00000
   0.00000   0.00278   0.04710   0.06286   0.00928   0.00031   0.00001
   0.00000   0.00034   0.01398   0.03735   0.01748   0.00338   0.00008
   0.00000   0.00000   0.00054   0.00532   0.01540   0.00960   0.00048
   0.00036   0.00021   0.00001   0.00050   0.00921   0.01136   0.00103
   0.01762   0.01091   0.00072   0.00012   0.00387   0.00585   0.00063
   0.02851   0.01905   0.00163   0.00002   0.00032   0.00057   0.00007
   0.02163   0.01313   0.00153   0.00003   0.00013   0.00013   0.00001
   0.00959   0.00534   0.00059   0.00048   0.00266   0.00135   0.00004
   0.00008   0.00006   0.00009   0.00812   0.02475   0.00695   0.00007
   0.00000   0.00000   0.00056   0.03169   0.06921   0.01315   0.00008
   0.00000   0.00000   0.00071   0.02828   0.05220   0.00807   0.00003
   0.00000   0.00000   0.00015   0.00700   0.01602   0.00350   0.00004
   0.00000   0.00000   0.00006   0.00210   0.00553   0.00168   0.00006
   0.00000   0.00000   0.00003   0.00087   0.00204   0.00054   0.00001
