   17   16    7
 -24.00000   3.00000 -30.00000   4.00000  -1.00000   2.00000
   0.00952   0.04643   0.02321   0.00464   0.02592   0.01755   0.00090
   0.00200   0.02274   0.03777   0.01491   0.03023   0.02883   0.00290
   0.00010   0.01436   0.06827   0.04506   0.01954   0.01590   0.00308
   0.00596   0.04600   0.07342   0.09881   0.06457   0.02173   0.00421
   0.02809   0.22710   0.20940   0.13094   0.07841   0.02127   0.00635
   0.01109   0.11950   0.15508   0.08274   0.02928   0.00976   0.00432
   0.00023   0.00675   0.02704   0.04071   0.01987   0.00960   0.00391
   0.02127   0.06867   0.03756   0.01466   0.02000   0.01495   0.00493
   0.10454   0.27024   0.09323   0.01198   0.02346   0.01410   0.00337
   0.03795   0.09516   0.03155   0.01523   0.02543   0.00923   0.00189
   0.00020   0.00090   0.00232   0.02186   0.02418   0.00518   0.00097
   0.00003   0.00002   0.00081   0.00805   0.00769   0.00160   0.00021
   0.00002   0.00001   0.00052   0.00325   0.00269   0.00044   0.00001
   0.00000   0.00009   0.00376   0.01059   0.00414   0.00029   0.00000
   0.00000   0.00147   0.02038   0.02455   0.00369   0.00008   0.00000
   0.00000   0.00413   0.03204   0.02115   0.00115   0.00000   0.00000
   0.02441   0.16335   0.12357   0.01529   0.01655   0.01505   0.00148
   0.00975   0.10171   0.17772   0.05939   0.04176   0.04811   0.00723
   0.01480   0.03149   0.12318   0.10409   0.04463   0.04413   0.01184
   0.00654   0.03158   0.09810   0.14952   0.09957   0.04565   0.01317
   0.00727   0.13914   0.30400   0.25341   0.16010   0.04903   0.01522
   0.00347   0.10231   0.30967   0.23199   0.08801   0.02545   0.01143
   0.00013   0.01315   0.09973   0.13945   0.05393   0.02260   0.01098
   0.00832   0.07376   0.12762   0.08787   0.04758   0.02454   0.00868
   0.04084   0.26328   0.26043   0.06528   0.03965   0.02182   0.00587
   0.01816   0.10636   0.10824   0.03967   0.03703   0.01430   0.00385
   0.00313   0.00629   0.01089   0.03500   0.03577   0.00946   0.00222
   0.02040   0.02499   0.00719   0.01461   0.01460   0.00437   0.00076
   0.01586   0.01539   0.00321   0.00798   0.00917   0.00241   0.00024
   0.00421   0.00477   0.00667   0.02654   0.01625   0.00180   0.00007
   0.00679   0.00592   0.02183   0.05109   0.01545   0.00057   0.00001
   0.00081   0.00175   0.01840   0.02287   0.00317   0.00003   0.00000
   0.00482   0.05507   0.07836   0.02033   0.00622   0.00713   0.00154
   0.03523   0.07323   0.19937   0.12203   0.03452   0.03490   0.00866
   0.17213   0.18522   0.21627   0.22553   0.08439   0.06308   0.02081
   0.10210   0.18535   0.21687   0.24512   0.13596   0.07231   0.02871
   0.02512   0.07339   0.24720   0.33765   0.22136   0.08661   0.02932
   0.00267   0.03192   0.25239   0.37651   0.19863   0.06485   0.02070
   0.00162   0.00832   0.13609   0.28240   0.13219   0.04423   0.01883
   0.00088   0.02731   0.15483   0.23241   0.10618   0.03574   0.01266
   0.02057   0.11667   0.28224   0.18159   0.07205   0.02972   0.00896
   0.13175   0.13453   0.16990   0.10687   0.05031   0.01962   0.00570
   0.07813   0.07351   0.06657   0.06400   0.04455   0.01463   0.00358
   0.08489   0.17393   0.08568   0.03498   0.02251   0.00794   0.00199
   0.06136   0.10323   0.05514   0.02775   0.02129   0.00657   0.00091
   0.06907   0.13503   0.06841   0.04364   0.03610   0.00556   0.00029
   0.10348   0.12016   0.03175   0.03591   0.02115   0.00149   0.00002
   0.01094   0.00838   0.00371   0.00805   0.00256   0.00006   0.00000
   0.00002   0.00159   0.01108   0.01691   0.00874   0.00524   0.00154
   0.02856   0.02003   0.04512   0.07532   0.03120   0.01666   0.00589
   0.16884   0.20965   0.16539   0.20906   0.11489   0.05133   0.01909
   0.19697   0.36815   0.42107   0.40564   0.24148   0.09837   0.03841
   0.09556   0.22663   0.41257   0.53296   0.34907   0.15281   0.05755
   0.03111   0.05573   0.23557   0.49926   0.36079   0.16374   0.05209
   0.02774   0.03386   0.13925   0.40546   0.26802   0.11267   0.03793
   0.00209   0.01872   0.15299   0.36523   0.21571   0.07676   0.02658
   0.03937   0.13604   0.29197   0.32375   0.14905   0.05541   0.01617
   0.26079   0.37389   0.29163   0.22853   0.09380   0.03297   0.00860
   0.14208   0.20037   0.20448   0.15158   0.06635   0.02222   0.00587
   0.03903   0.16650   0.22252   0.12223   0.04243   0.01483   0.00380
   0.02882   0.12101   0.21367   0.11878   0.04387   0.01423   0.00203
   0.07852   0.26230   0.25280   0.07795   0.03830   0.00894   0.00058
   0.09290   0.16710   0.07220   0.01630   0.01192   0.00169   0.00003
   0.00843   0.00848   0.00158   0.00138   0.00111   0.00009   0.00000
   0.00000   0.00050   0.01213   0.04117   0.02065   0.00341   0.00131
   0.01712   0.01140   0.01230   0.06020   0.05200   0.01258   0.00352
   0.13125   0.15284   0.08010   0.09897   0.11548   0.04557   0.01265
   0.13829   0.28667   0.31451   0.32368   0.28842   0.12962   0.03807
   0.04241   0.18436   0.44910   0.66269   0.56105   0.27317   0.08817
   0.02802   0.07326   0.29266   0.64292   0.59452   0.34344   0.11215
   0.02943   0.07438   0.20600   0.53511   0.45357   0.26100   0.09186
   0.00355   0.04458   0.23992   0.50594   0.36268   0.16636   0.06068
   0.01419   0.13657   0.40974   0.48384   0.26683   0.10547   0.03088
   0.06181   0.28060   0.46275   0.41390   0.18341   0.05645   0.01605
   0.03822   0.16657   0.33172   0.31618   0.12691   0.03799   0.01030
   0.01712   0.08177   0.24500   0.27184   0.09643   0.02794   0.00637
   0.02576   0.06506   0.22605   0.23101   0.07110   0.02049   0.00331
   0.01540   0.07278   0.17549   0.10362   0.03047   0.00889   0.00083
   0.00564   0.02551   0.03256   0.01299   0.00781   0.00202   0.00008
   0.00041   0.00076   0.00043   0.00130   0.00303   0.00080   0.00002
   0.00030   0.02417   0.08864   0.08358   0.02738   0.00225   0.00058
   0.00288   0.01293   0.07610   0.13200   0.07941   0.01405   0.00252
   0.05509   0.07775   0.07788   0.12577   0.13100   0.04772   0.00941
   0.09818   0.20728   0.24014   0.23986   0.23674   0.12833   0.03401
   0.04107   0.12276   0.32722   0.54938   0.57494   0.31605   0.08392
   0.01605   0.05658   0.27252   0.67601   0.79480   0.47667   0.12873
   0.00772   0.05394   0.25531   0.60764   0.66544   0.42560   0.13827
   0.00823   0.06553   0.32380   0.61886   0.54128   0.29427   0.10146
   0.02866   0.13458   0.48704   0.65154   0.43205   0.18891   0.05728
   0.03234   0.21746   0.57953   0.61436   0.35712   0.12698   0.03492
   0.02817   0.23988   0.51249   0.49167   0.27984   0.08615   0.02031
   0.07616   0.25973   0.36139   0.36179   0.18894   0.04636   0.00995
   0.17009   0.19966   0.20086   0.22165   0.09621   0.02256   0.00386
   0.05208   0.08220   0.10192   0.07743   0.03101   0.00741   0.00096
   0.05591   0.07343   0.02918   0.01123   0.01095   0.00381   0.00047
   0.03920   0.01929   0.00239   0.00203   0.00604   0.00263   0.00017
   0.00095   0.08356   0.25011   0.10611   0.01634   0.00103   0.00012
   0.00017   0.03981   0.26830   0.25135   0.06082   0.00702   0.00106
   0.00360   0.01302   0.13411   0.29148   0.13214   0.02689   0.00540
   0.01345   0.04678   0.13343   0.30667   0.24703   0.09652   0.02766
   0.02603   0.07942   0.25357   0.47667   0.51032   0.27202   0.06807
   0.01958   0.07782   0.30264   0.63652   0.81658   0.50598   0.11906
   0.01372   0.06674   0.28551   0.65905   0.84964   0.56254   0.14640
   0.05369   0.13980   0.36197   0.69201   0.73425   0.42913   0.11930
   0.20005   0.29844   0.49807   0.69249   0.61301   0.30174   0.07787
   0.14541   0.36099   0.61123   0.62877   0.54654   0.23941   0.05305
   0.06949   0.33752   0.61628   0.52044   0.41808   0.16231   0.03399
   0.06707   0.32803   0.49984   0.37679   0.24949   0.07915   0.01682
   0.13035   0.24964   0.30292   0.21973   0.11324   0.02976   0.00636
   0.06053   0.18806   0.21831   0.09206   0.03816   0.01184   0.00274
   0.16036   0.23454   0.10484   0.02528   0.01285   0.00775   0.00224
   0.11031   0.06377   0.01662   0.00790   0.00552   0.00466   0.00113
   0.00024   0.02952   0.10943   0.05268   0.00644   0.00074   0.00016
   0.00004   0.01643   0.15242   0.18700   0.04813   0.00430   0.00044
   0.00181   0.00492   0.09338   0.27181   0.15022   0.02569   0.00427
   0.01344   0.02925   0.08805   0.27690   0.27221   0.10142   0.02791
   0.01510   0.06494   0.18174   0.34390   0.42302   0.24492   0.06416
   0.01272   0.07582   0.25774   0.48347   0.65571   0.45835   0.11597
   0.00970   0.07495   0.27776   0.64235   0.92480   0.64775   0.16387
   0.06007   0.17051   0.37693   0.75069   0.98001   0.61381   0.14966
   0.17684   0.34307   0.53744   0.69726   0.79802   0.46658   0.09883
   0.10826   0.33055   0.62934   0.62828   0.68321   0.35069   0.06630
   0.04628   0.24181   0.56149   0.54721   0.51457   0.24182   0.04970
   0.01287   0.15236   0.42435   0.41326   0.29632   0.12333   0.02927
   0.01043   0.10421   0.27601   0.26601   0.15645   0.05157   0.01418
   0.01117   0.09121   0.19323   0.15378   0.07641   0.02621   0.00844
   0.03598   0.08803   0.10238   0.08368   0.03705   0.01694   0.00687
   0.02161   0.02106   0.03870   0.04626   0.01699   0.01008   0.00390
   0.00001   0.00055   0.00405   0.00381   0.00076   0.00029   0.00009
   0.00019   0.00309   0.01546   0.02770   0.01148   0.00198   0.00043
   0.01297   0.01992   0.05533   0.09197   0.07083   0.02469   0.00600
   0.08467   0.10470   0.11733   0.16681   0.19583   0.09898   0.02512
   0.05550   0.13316   0.19561   0.24511   0.32666   0.21393   0.05006
   0.02029   0.07307   0.20924   0.36793   0.49592   0.39272   0.09417
   0.01336   0.06388   0.20002   0.51571   0.81269   0.62458   0.15345
   0.11675   0.19372   0.30726   0.66072   1.00000   0.70587   0.16202
   0.12624   0.23952   0.42955   0.67302   0.88585   0.58704   0.12461
   0.01960   0.15027   0.46427   0.65602   0.80257   0.45496   0.08670
   0.00890   0.11420   0.40284   0.61255   0.62026   0.31203   0.05931
   0.00726   0.09717   0.37348   0.50226   0.37045   0.16633   0.03765
   0.02898   0.18251   0.32883   0.29440   0.22265   0.09521   0.02529
   0.05960   0.15803   0.16010   0.16269   0.14691   0.06826   0.01926
   0.01536   0.04696   0.07635   0.10708   0.08175   0.04196   0.01360
   0.00804   0.02455   0.04047   0.06332   0.03095   0.01739   0.00669
   0.00244   0.00150   0.00022   0.00004   0.00004   0.00003   0.00000
   0.03152   0.05262   0.02627   0.00410   0.00325   0.00336   0.00055
   0.03565   0.12934   0.15463   0.05802   0.03506   0.03144   0.00723
   0.04194   0.08990   0.19725   0.18241   0.12582   0.07142   0.01773
   0.02303   0.05862   0.14940   0.27746   0.29217   0.15578   0.03015
   0.01149   0.03757   0.12426   0.33721   0.48613   0.33519   0.06581
   0.01094   0.03912   0.11617   0.39432   0.66877   0.49497   0.10383
   0.05636   0.09499   0.20833   0.49186   0.79225   0.58825   0.11318
   0.06137   0.15111   0.36339   0.59359   0.85633   0.58192   0.10064
   0.01754   0.14336   0.35949   0.56770   0.83973   0.52075   0.08837
   0.02953   0.13952   0.31202   0.48742   0.60050   0.38058   0.07557
   0.05307   0.13783   0.31018   0.39343   0.33934   0.21248   0.05986
   0.06868   0.24358   0.31218   0.20737   0.18651   0.11989   0.05098
   0.16299   0.27759   0.14605   0.09811   0.13132   0.10354   0.04705
   0.04281   0.07566   0.06087   0.06162   0.09005   0.08795   0.03576
   0.02022   0.05197   0.02798   0.02753   0.03976   0.04355   0.01658
   0.01778   0.00708   0.00051   0.00016   0.00050   0.00018   0.00000
   0.19600   0.17755   0.04545   0.00635   0.01533   0.00869   0.00073
   0.15441   0.33556   0.24523   0.06645   0.06514   0.04374   0.00609
   0.01007   0.10347   0.26870   0.20905   0.14025   0.08172   0.01367
   0.00269   0.01268   0.12169   0.27798   0.25935   0.14876   0.02557
   0.02521   0.03381   0.08954   0.29293   0.36241   0.20692   0.04000
   0.01817   0.03754   0.10319   0.35343   0.47800   0.25527   0.04741
   0.00271   0.02200   0.12227   0.38441   0.58863   0.32460   0.04579
   0.03910   0.16281   0.29231   0.44216   0.68242   0.41049   0.05106
   0.13020   0.33414   0.33722   0.43312   0.69038   0.44473   0.06258
   0.08438   0.18936   0.25299   0.38323   0.51274   0.38989   0.08105
   0.12050   0.15592   0.24091   0.32267   0.30188   0.22008   0.08714
   0.03747   0.10980   0.21581   0.20326   0.14907   0.08861   0.08241
   0.05153   0.12693   0.11827   0.10843   0.07416   0.06308   0.07365
   0.01944   0.03300   0.03445   0.05582   0.05691   0.08131   0.05435
   0.00405   0.01002   0.01314   0.02555   0.04475   0.06426   0.02370
   0.00875   0.00285   0.00044   0.00331   0.00377   0.00052   0.00001
   0.09086   0.06404   0.01352   0.02569   0.04542   0.01189   0.00060
   0.06684   0.11176   0.06596   0.05360   0.12571   0.05212   0.00432
   0.00372   0.03295   0.07447   0.07467   0.16954   0.10681   0.01167
   0.00135   0.01988   0.09099   0.12192   0.16177   0.12492   0.01925
   0.00798   0.03174   0.15467   0.23433   0.20883   0.11412   0.02016
   0.00497   0.01701   0.16105   0.36932   0.29993   0.12807   0.02115
   0.00037   0.00704   0.11396   0.35093   0.34694   0.15348   0.02306
   0.04608   0.09350   0.13803   0.27879   0.36016   0.20677   0.03013
   0.18183   0.25074   0.15295   0.24280   0.35917   0.24091   0.03761
   0.06011   0.08275   0.12742   0.26762   0.29359   0.22232   0.05136
   0.02389   0.04364   0.15792   0.22624   0.19302   0.14824   0.06878
   0.01178   0.06835   0.14630   0.14524   0.10942   0.08103   0.08693
   0.06649   0.14636   0.11935   0.13616   0.06534   0.06825   0.09806
   0.05479   0.06550   0.08705   0.10735   0.03578   0.08173   0.07837
   0.00265   0.01154   0.05191   0.04198   0.02430   0.06693   0.03386
   0.00008   0.00033   0.00933   0.02553   0.01010   0.00051   0.00002
   0.00081   0.00067   0.01766   0.09998   0.08108   0.01050   0.00046
   0.00058   0.00090   0.00758   0.10076   0.17686   0.04793   0.00283
   0.00466   0.00985   0.00985   0.05080   0.16668   0.07994   0.00677
   0.04327   0.12701   0.11740   0.07240   0.15326   0.08637   0.00934
   0.02888   0.15668   0.26355   0.16181   0.16252   0.09205   0.01102
   0.00127   0.04528   0.26044   0.27939   0.15141   0.09680   0.01513
   0.00013   0.02739   0.23354   0.30404   0.13413   0.08229   0.01804
   0.00451   0.01576   0.12767   0.21838   0.14259   0.08211   0.01735
   0.01958   0.01993   0.04252   0.11196   0.14690   0.10375   0.01550
   0.00582   0.01698   0.11063   0.17324   0.13908   0.10244   0.01742
   0.00303   0.07286   0.23395   0.18798   0.11701   0.07681   0.02077
   0.00791   0.07749   0.12406   0.06949   0.05023   0.04150   0.02887
   0.02357   0.03904   0.03566   0.04448   0.02385   0.04106   0.03968
   0.02151   0.02786   0.07200   0.06151   0.02091   0.05406   0.03820
   0.00147   0.02687   0.08008   0.03525   0.01675   0.04608   0.02002
   0.00006   0.01172   0.08013   0.07515   0.01107   0.00029   0.00003
   0.00001   0.00512   0.08117   0.17900   0.07513   0.00593   0.00032
   0.00000   0.00064   0.02427   0.13603   0.14004   0.02368   0.00105
   0.02072   0.01495   0.01164   0.09761   0.16678   0.04463   0.00266
   0.17134   0.18413   0.06190   0.08199   0.16448   0.05872   0.00446
   0.09631   0.18593   0.12902   0.06075   0.11626   0.07223   0.00751
   0.00907   0.11672   0.23648   0.09390   0.05579   0.06351   0.01014
   0.01047   0.16520   0.37716   0.16318   0.03528   0.03906   0.00868
   0.00159   0.04655   0.17439   0.13433   0.04661   0.02748   0.00571
   0.00009   0.00508   0.02842   0.04357   0.06734   0.05017   0.00536
   0.00032   0.01239   0.04985   0.05022   0.09326   0.07461   0.00748
   0.02837   0.15761   0.20233   0.09591   0.10839   0.06337   0.00630
   0.10005   0.24773   0.14767   0.04746   0.05512   0.02860   0.00612
   0.02929   0.03990   0.01293   0.00672   0.01190   0.01443   0.00657
   0.00019   0.00182   0.00748   0.00631   0.00740   0.01368   0.00508
   0.00010   0.00613   0.01437   0.00580   0.00586   0.00952   0.00241
   0.00162   0.05504   0.15907   0.06694   0.00447   0.00011   0.00001
   0.00039   0.02279   0.12720   0.13838   0.03473   0.00179   0.00016
   0.00002   0.00333   0.05506   0.16575   0.09405   0.00832   0.00047
   0.00753   0.00323   0.02623   0.15055   0.13041   0.01980   0.00126
   0.05727   0.03092   0.01162   0.07669   0.10841   0.03304   0.00200
   0.03053   0.03159   0.01289   0.01724   0.06087   0.04636   0.00415
   0.08424   0.22570   0.12770   0.01420   0.02106   0.03166   0.00448
   0.13103   0.39825   0.27224   0.03982   0.00853   0.01378   0.00255
   0.02035   0.10025   0.11715   0.03581   0.01008   0.00823   0.00137
   0.00307   0.01641   0.02207   0.01423   0.03214   0.02191   0.00192
   0.00017   0.00243   0.00492   0.01970   0.09042   0.05119   0.00346
   0.03342   0.06841   0.03645   0.04846   0.12348   0.05223   0.00298
   0.16172   0.17425   0.04452   0.04667   0.08113   0.02744   0.00255
   0.05797   0.04034   0.00558   0.00913   0.01953   0.01216   0.00289
   0.00022   0.00006   0.00018   0.00261   0.00610   0.00631   0.00167
   0.00000   0.00002   0.00015   0.00074   0.00235   0.00397   0.00069
   0.00357   0.04973   0.07317   0.01769   0.00094   0.00003   0.00000
   0.00077   0.02274   0.09013   0.08044   0.01333   0.00039   0.00003
   0.00002   0.00578   0.08836   0.15965   0.04349   0.00226   0.00015
   0.00004   0.00155   0.04571   0.12694   0.05915   0.00792   0.00041
   0.00023   0.00010   0.00623   0.03918   0.05466   0.02037   0.00099
   0.00271   0.00306   0.00079   0.00451   0.03023   0.02615   0.00198
   0.12377   0.13153   0.02332   0.00093   0.00963   0.01484   0.00194
   0.19129   0.22842   0.05206   0.00233   0.00204   0.00399   0.00069
   0.04811   0.07049   0.02513   0.00245   0.00223   0.00229   0.00023
   0.01480   0.02013   0.00758   0.00353   0.01348   0.00781   0.00051
   0.00015   0.00036   0.00054   0.02020   0.06533   0.02275   0.00100
   0.00350   0.00276   0.00306   0.05877   0.12054   0.03055   0.00119
   0.02151   0.01167   0.00658   0.06718   0.08940   0.01759   0.00103
   0.00883   0.00372   0.00171   0.01839   0.03070   0.01102   0.00162
   0.00004   0.00001   0.00021   0.00431   0.00987   0.00590   0.00098
   0.00000   0.00000   0.00009   0.00129   0.00201   0.00128   0.00019
   0.00066   0.00704   0.01176   0.00441   0.00020   0.00000   0.00000
   0.00012   0.00908   0.06274   0.04514   0.00305   0.00004   0.00000
   0.00001   0.01005   0.09701   0.09021   0.01051   0.00073   0.00003
   0.00000   0.00240   0.03298   0.05286   0.01972   0.00370   0.00012
   0.00000   0.00003   0.00169   0.01035   0.02225   0.01017   0.00047
   0.00032   0.00017   0.00002   0.00137   0.01410   0.01208   0.00082
   0.01585   0.00891   0.00048   0.00019   0.00448   0.00601   0.00078
   0.02558   0.01529   0.00104   0.00002   0.00041   0.00070   0.00016
   0.01986   0.01089   0.00107   0.00007   0.00052   0.00045   0.00002
   0.00887   0.00465   0.00051   0.00106   0.00431   0.00202   0.00007
   0.00008   0.00005   0.00035   0.01308   0.02658   0.00595   0.00018
   0.00000   0.00000   0.00296   0.05077   0.07026   0.01023   0.00031
   0.00000   0.00000   0.00693   0.06096   0.05661   0.00616   0.00033
   0.00000   0.00000   0.00224   0.02034   0.02436   0.00503   0.00064
   0.00000   0.00000   0.00025   0.00500   0.01036   0.00434   0.00043
   0.00000   0.00000   0.00016   0.00183   0.00247   0.00114   0.00011
   0.00594   0.04096   0.02769   0.00484   0.01658   0.00973   0.00034
   0.00108   0.01860   0.04213   0.02062   0.02679   0.02115   0.00155
   0.00005   0.01317   0.07737   0.05901   0.02275   0.01424   0.00214
   0.00529   0.04907   0.08474   0.09737   0.05095   0.02501   0.00575
   0.02470   0.23422   0.23918   0.11465   0.05724   0.02443   0.00852
   0.00982   0.11961   0.16205   0.06972   0.02135   0.00743   0.00336
   0.00022   0.00704   0.02698   0.03149   0.01042   0.00235   0.00074
   0.02065   0.07967   0.05381   0.01414   0.00472   0.00143   0.00027
   0.10844   0.32332   0.13559   0.01307   0.00332   0.00106   0.00009
   0.04212   0.11636   0.04120   0.00359   0.00261   0.00091   0.00025
   0.00029   0.00119   0.00084   0.00165   0.00168   0.00029   0.00022
   0.00003   0.00002   0.00010   0.00087   0.00084   0.00013   0.00002
   0.00003   0.00001   0.00003   0.00045   0.00075   0.00016   0.00000
   0.00000   0.00003   0.00090   0.00285   0.00153   0.00013   0.00000
   0.00000   0.00076   0.00870   0.00931   0.00127   0.00002   0.00000
   0.00000   0.00228   0.01582   0.00944   0.00041   0.00000   0.00000
   0.01562   0.14922   0.14916   0.02364   0.01048   0.00752   0.00049
   0.00642   0.07790   0.18057   0.08079   0.03811   0.03265   0.00363
   0.01403   0.02499   0.11810   0.12751   0.05494   0.04024   0.00774
   0.00612   0.03167   0.10669   0.16298   0.08932   0.04848   0.01463
   0.00600   0.13779   0.33724   0.25703   0.12416   0.04764   0.02033
   0.00294   0.10093   0.31888   0.21877   0.07030   0.02199   0.01036
   0.00012   0.01360   0.10080   0.12976   0.03942   0.00806   0.00265
   0.00693   0.07081   0.15098   0.10756   0.02734   0.00392   0.00085
   0.03986   0.28394   0.32586   0.09493   0.01407   0.00251   0.00034
   0.02107   0.12994   0.13089   0.02560   0.00576   0.00186   0.00042
   0.00374   0.00761   0.00886   0.00452   0.00288   0.00086   0.00021
   0.02250   0.02734   0.00601   0.00197   0.00206   0.00106   0.00014
   0.01778   0.01730   0.00258   0.00159   0.00261   0.00118   0.00008
   0.00442   0.00458   0.00339   0.01022   0.00541   0.00053   0.00001
   0.00730   0.00588   0.01105   0.02301   0.00598   0.00013   0.00000
   0.00090   0.00117   0.00874   0.01039   0.00134   0.00001   0.00000
   0.00314   0.05027   0.09033   0.02982   0.00530   0.00337   0.00045
   0.03145   0.05720   0.19498   0.15980   0.04066   0.02210   0.00387
   0.15694   0.16935   0.18736   0.24932   0.11092   0.05780   0.01353
   0.09900   0.17688   0.20894   0.26163   0.15098   0.07874   0.02903
   0.02744   0.07482   0.25677   0.36062   0.20184   0.07857   0.03398
   0.00333   0.03393   0.26129   0.37350   0.17986   0.05769   0.01862
   0.00212   0.00934   0.13850   0.26994   0.11712   0.03079   0.00808
   0.00062   0.02020   0.14872   0.26774   0.10753   0.01802   0.00340
   0.02344   0.12058   0.30628   0.22333   0.06336   0.01178   0.00202
   0.16352   0.17810   0.20970   0.09214   0.02210   0.00650   0.00129
   0.09722   0.08851   0.06885   0.03122   0.01039   0.00328   0.00087
   0.09416   0.19326   0.09228   0.01937   0.00638   0.00254   0.00082
   0.06893   0.11420   0.05410   0.01839   0.00757   0.00190   0.00025
   0.07528   0.14042   0.06815   0.02566   0.01506   0.00156   0.00003
   0.11482   0.13191   0.03167   0.01781   0.00944   0.00057   0.00000
   0.01230   0.00945   0.00201   0.00310   0.00098   0.00002   0.00000
   0.00001   0.00119   0.01180   0.02213   0.00760   0.00159   0.00061
   0.02696   0.01832   0.04167   0.09092   0.03829   0.00874   0.00229
   0.15634   0.19328   0.14976   0.22212   0.14998   0.04704   0.01161
   0.19277   0.34397   0.39520   0.40837   0.28665   0.11420   0.03634
   0.09575   0.21926   0.39126   0.54401   0.37438   0.15966   0.06046
   0.03736   0.06411   0.23563   0.48975   0.35717   0.16340   0.05139
   0.03279   0.04542   0.15077   0.38575   0.24818   0.11388   0.03260
   0.00206   0.01655   0.14431   0.38534   0.23297   0.07004   0.01784
   0.04364   0.15240   0.32279   0.35602   0.16195   0.04804   0.01048
   0.31216   0.47307   0.38194   0.22152   0.06956   0.02408   0.00528
   0.17713   0.24602   0.22843   0.12173   0.03942   0.01199   0.00293
   0.04438   0.18437   0.24440   0.10992   0.02917   0.00629   0.00164
   0.03334   0.13402   0.22595   0.11332   0.02784   0.00547   0.00061
   0.09161   0.29167   0.28087   0.07462   0.02037   0.00390   0.00017
   0.10684   0.18994   0.08350   0.01211   0.00495   0.00068   0.00001
   0.00967   0.00985   0.00173   0.00036   0.00026   0.00002   0.00000
   0.00000   0.00061   0.01367   0.04052   0.01647   0.00138   0.00048
   0.01920   0.01431   0.01388   0.06389   0.05077   0.00771   0.00128
   0.13749   0.17326   0.09946   0.11018   0.13125   0.04302   0.00770
   0.13204   0.27537   0.33177   0.35352   0.33392   0.15157   0.03584
   0.03795   0.15021   0.39409   0.67362   0.61402   0.30841   0.09068
   0.03123   0.07241   0.24263   0.59169   0.60632   0.36767   0.11218
   0.03084   0.08402   0.20959   0.48845   0.43731   0.29225   0.09350
   0.00302   0.04183   0.24653   0.49788   0.36860   0.17966   0.05878
   0.01363   0.13602   0.45405   0.51586   0.26707   0.10477   0.03194
   0.06911   0.31506   0.56363   0.44316   0.16026   0.05050   0.01708
   0.05015   0.18812   0.37200   0.33064   0.10945   0.02858   0.00903
   0.02051   0.08807   0.28397   0.29757   0.08511   0.01867   0.00412
   0.03198   0.08288   0.26960   0.24829   0.05986   0.01248   0.00190
   0.02173   0.08990   0.20316   0.11286   0.02096   0.00410   0.00038
   0.00745   0.03047   0.03810   0.01278   0.00315   0.00050   0.00001
   0.00048   0.00092   0.00049   0.00069   0.00132   0.00029   0.00000
   0.00012   0.02265   0.10498   0.08532   0.02190   0.00171   0.00007
   0.00317   0.01212   0.08810   0.14707   0.07251   0.01174   0.00099
   0.05704   0.08650   0.09261   0.14796   0.13430   0.04375   0.00693
   0.09569   0.20858   0.27233   0.29768   0.27495   0.13850   0.03303
   0.03969   0.10844   0.30742   0.60649   0.66070   0.35764   0.08480
   0.01547   0.05038   0.22600   0.63224   0.83157   0.51358   0.12191
   0.00749   0.04939   0.23005   0.54059   0.65716   0.46479   0.13515
   0.01017   0.06462   0.31388   0.57429   0.54452   0.32611   0.10779
   0.03482   0.13485   0.48169   0.65551   0.43692   0.17951   0.06001
   0.03688   0.22235   0.60512   0.68846   0.38475   0.10503   0.03297
   0.03521   0.24120   0.53650   0.58712   0.29781   0.06729   0.01853
   0.07891   0.27418   0.42717   0.41958   0.18625   0.03839   0.00890
   0.19278   0.24767   0.23189   0.23474   0.09562   0.01678   0.00314
   0.06103   0.08783   0.10339   0.08434   0.02659   0.00359   0.00075
   0.05328   0.07671   0.03509   0.01115   0.00506   0.00158   0.00043
   0.04025   0.02318   0.00322   0.00109   0.00251   0.00120   0.00014
   0.00036   0.06243   0.24613   0.12582   0.01608   0.00096   0.00005
   0.00008   0.02688   0.24211   0.27808   0.06786   0.00771   0.00078
   0.00364   0.01119   0.11275   0.29709   0.14980   0.03035   0.00522
   0.01287   0.04599   0.13262   0.31066   0.27546   0.10779   0.03019
   0.02505   0.07669   0.25270   0.48826   0.56676   0.30488   0.07488
   0.01984   0.07283   0.28092   0.61242   0.87062   0.55983   0.12023
   0.01701   0.06358   0.25699   0.60954   0.84817   0.59932   0.14271
   0.06935   0.15504   0.34263   0.64383   0.74511   0.46355   0.12366
   0.24988   0.34689   0.47782   0.68218   0.68172   0.31304   0.07842
   0.16584   0.39870   0.60686   0.67342   0.64531   0.22881   0.04605
   0.08642   0.35517   0.61754   0.58252   0.47904   0.15578   0.03028
   0.07037   0.33022   0.52214   0.42241   0.28718   0.08136   0.01513
   0.14056   0.26361   0.29617   0.26925   0.14453   0.02751   0.00438
   0.05823   0.15988   0.23051   0.15254   0.04634   0.00750   0.00197
   0.14499   0.24065   0.14117   0.04583   0.01156   0.00424   0.00199
   0.11090   0.07610   0.02024   0.01154   0.00432   0.00246   0.00084
   0.00010   0.02049   0.09268   0.05406   0.00684   0.00030   0.00001
   0.00001   0.01055   0.11974   0.17291   0.05158   0.00471   0.00030
   0.00208   0.00458   0.07267   0.23499   0.14811   0.03091   0.00494
   0.01438   0.03184   0.08644   0.24072   0.25505   0.10930   0.03028
   0.01654   0.06389   0.17176   0.30756   0.40617   0.25550   0.07184
   0.01540   0.07593   0.23839   0.44410   0.64965   0.48843   0.12528
   0.01250   0.08199   0.28631   0.61203   0.88853   0.69127   0.17402
   0.07728   0.21280   0.42189   0.73152   0.95418   0.64774   0.15348
   0.21478   0.41062   0.58710   0.70269   0.84885   0.50464   0.09659
   0.11347   0.35025   0.67209   0.64466   0.75919   0.39008   0.06395
   0.05494   0.24916   0.55841   0.55386   0.60045   0.28496   0.04967
   0.01701   0.13570   0.37773   0.45121   0.38597   0.14859   0.02482
   0.01031   0.08267   0.22771   0.33407   0.22524   0.05353   0.00810
   0.00762   0.05983   0.17023   0.22387   0.11112   0.01999   0.00326
   0.02902   0.07621   0.10431   0.12300   0.05503   0.00938   0.00201
   0.02063   0.02106   0.03371   0.06905   0.02478   0.00441   0.00100
   0.00001   0.00047   0.00350   0.00344   0.00058   0.00002   0.00000
   0.00022   0.00383   0.01654   0.02695   0.01142   0.00188   0.00026
   0.01463   0.02171   0.06349   0.10199   0.07539   0.02746   0.00608
   0.09373   0.11022   0.11485   0.18472   0.21478   0.10231   0.02289
   0.06314   0.14112   0.18211   0.23967   0.35271   0.22049   0.05137
   0.02546   0.08483   0.21286   0.34657   0.48145   0.38372   0.09889
   0.01653   0.07632   0.22551   0.51385   0.77488   0.62535   0.16337
   0.14697   0.24238   0.35560   0.69822   1.00000   0.73019   0.17266
   0.15138   0.28158   0.49747   0.74579   0.90696   0.61559   0.13017
   0.01818   0.14620   0.52609   0.69926   0.83942   0.50107   0.09123
   0.01081   0.11616   0.40439   0.58080   0.67863   0.36630   0.06041
   0.01214   0.07526   0.29089   0.47642   0.43269   0.19382   0.03158
   0.02243   0.13416   0.26983   0.30313   0.26426   0.09552   0.01608
   0.05103   0.13449   0.13391   0.18001   0.17438   0.05798   0.01051
   0.01257   0.03454   0.06418   0.12851   0.10000   0.03163   0.00761
   0.00579   0.02203   0.03558   0.08057   0.03835   0.01168   0.00409
   0.00303   0.00221   0.00039   0.00002   0.00003   0.00003   0.00000
   0.03469   0.06402   0.03976   0.00773   0.00401   0.00424   0.00064
   0.03486   0.12797   0.18757   0.09360   0.04339   0.03225   0.00655
   0.04753   0.08237   0.18530   0.22166   0.14577   0.06517   0.01377
   0.02810   0.06937   0.13913   0.27279   0.30180   0.15014   0.02980
   0.01401   0.04858   0.13714   0.34430   0.48484   0.33633   0.07168
   0.01235   0.04454   0.12764   0.42876   0.70915   0.51877   0.11508
   0.07011   0.10639   0.20834   0.53713   0.87405   0.62525   0.12792
   0.07206   0.15565   0.38843   0.65859   0.93085   0.62431   0.11238
   0.01434   0.14304   0.43404   0.63724   0.92534   0.55924   0.09094
   0.04052   0.17262   0.35643   0.51214   0.67663   0.41470   0.06857
   0.07182   0.14276   0.29480   0.44266   0.39758   0.23158   0.04624
   0.06089   0.22254   0.34655   0.26493   0.22221   0.12051   0.03324
   0.15255   0.28799   0.17581   0.12008   0.14700   0.08475   0.02689
   0.04007   0.07296   0.06740   0.06858   0.08196   0.06239   0.01879
   0.01639   0.05364   0.03165   0.02611   0.02938   0.02965   0.00852
   0.02264   0.01044   0.00101   0.00021   0.00070   0.00027   0.00001
   0.22790   0.22768   0.07274   0.01017   0.01775   0.01035   0.00074
   0.16127   0.37152   0.32472   0.10251   0.06341   0.03909   0.00485
   0.00834   0.09393   0.29705   0.27557   0.13425   0.06434   0.01244
   0.00335   0.01183   0.12109   0.33259   0.29478   0.14707   0.02987
   0.03067   0.04202   0.09191   0.32137   0.43185   0.24693   0.05013
   0.02117   0.04472   0.10069   0.36152   0.53238   0.30147   0.06089
   0.00257   0.02059   0.11837   0.40204   0.64639   0.35636   0.05848
   0.03601   0.16267   0.32138   0.47678   0.75032   0.44052   0.05677
   0.13005   0.37647   0.41435   0.46624   0.77610   0.48195   0.05872
   0.10264   0.23330   0.28611   0.38130   0.57734   0.42391   0.06488
   0.14950   0.16856   0.21907   0.31720   0.32808   0.24349   0.05657
   0.03816   0.09523   0.20862   0.19895   0.16385   0.10707   0.04353
   0.04902   0.12804   0.11989   0.09764   0.10584   0.06859   0.03324
   0.01925   0.03405   0.02836   0.06375   0.07636   0.06357   0.02005
   0.00354   0.01017   0.01174   0.03135   0.04217   0.04152   0.00747
   0.01141   0.00430   0.00062   0.00397   0.00491   0.00073   0.00001
   0.11018   0.08758   0.02244   0.02544   0.04672   0.01242   0.00041
   0.07457   0.13746   0.09960   0.05240   0.09772   0.04533   0.00375
   0.00334   0.03376   0.09466   0.09381   0.14072   0.10561   0.01439
   0.00156   0.02001   0.09919   0.14869   0.17417   0.13760   0.02438
   0.00996   0.03206   0.15641   0.25181   0.22675   0.13482   0.02648
   0.00617   0.01612   0.14117   0.37796   0.32047   0.15066   0.02966
   0.00036   0.00611   0.09911   0.36985   0.39629   0.17407   0.02929
   0.04955   0.10904   0.14842   0.30007   0.41964   0.22026   0.03065
   0.20332   0.31022   0.18355   0.24747   0.41348   0.25458   0.03257
   0.06924   0.10272   0.13015   0.25858   0.34800   0.24345   0.03781
   0.02732   0.04362   0.15200   0.21358   0.22737   0.17312   0.03760
   0.01097   0.06100   0.14720   0.12795   0.13903   0.11128   0.03773
   0.06519   0.15024   0.10853   0.10510   0.11588   0.08912   0.03813
   0.05659   0.06648   0.05182   0.10607   0.08322   0.07759   0.02668
   0.00275   0.00520   0.03680   0.05885   0.04786   0.05011   0.01020
   0.00012   0.00029   0.00893   0.02709   0.01190   0.00058   0.00000
   0.00109   0.00085   0.01270   0.08379   0.07715   0.01046   0.00019
   0.00072   0.00119   0.00497   0.07894   0.16573   0.05333   0.00273
   0.00551   0.01191   0.01118   0.04505   0.17078   0.09444   0.00792
   0.04949   0.14685   0.14699   0.06594   0.13542   0.09748   0.01055
   0.03155   0.16736   0.30816   0.19124   0.13584   0.10311   0.01413
   0.00119   0.03784   0.25739   0.33640   0.15598   0.09595   0.01666
   0.00006   0.01922   0.21659   0.36587   0.17468   0.08305   0.01694
   0.00530   0.01413   0.11771   0.26136   0.19098   0.08322   0.01518
   0.02337   0.02525   0.03958   0.12381   0.16714   0.09464   0.01279
   0.00699   0.01689   0.09950   0.18620   0.15991   0.09607   0.01313
   0.00299   0.07123   0.23710   0.20399   0.13237   0.07593   0.01174
   0.00786   0.08016   0.13755   0.07168   0.06344   0.04579   0.01139
   0.02428   0.04231   0.03239   0.05653   0.06320   0.04655   0.01370
   0.02276   0.02339   0.05430   0.09159   0.05740   0.04732   0.01119
   0.00128   0.01364   0.07177   0.06065   0.03456   0.03150   0.00469
   0.00002   0.00826   0.07117   0.07768   0.01282   0.00021   0.00000
   0.00000   0.00331   0.06988   0.18301   0.08508   0.00614   0.00007
   0.00000   0.00026   0.02037   0.14508   0.15855   0.02664   0.00076
   0.02539   0.01918   0.00717   0.07077   0.15572   0.04547   0.00191
   0.20659   0.23164   0.08274   0.03938   0.12726   0.06398   0.00432
   0.11352   0.22543   0.17570   0.05756   0.08227   0.07044   0.00799
   0.00766   0.10813   0.26561   0.13154   0.04784   0.05326   0.00882
   0.00809   0.14749   0.41154   0.23118   0.04708   0.03448   0.00656
   0.00118   0.04021   0.18731   0.18323   0.06116   0.02526   0.00412
   0.00008   0.00475   0.03040   0.05231   0.06344   0.04205   0.00412
   0.00027   0.01093   0.05129   0.05726   0.08423   0.06137   0.00499
   0.02879   0.16041   0.22491   0.10093   0.09810   0.05450   0.00363
   0.10641   0.26938   0.17425   0.03864   0.03654   0.01924   0.00175
   0.03194   0.04505   0.01601   0.00784   0.01030   0.00789   0.00159
   0.00020   0.00129   0.01109   0.01594   0.01145   0.00938   0.00153
   0.00003   0.00480   0.02153   0.01483   0.00828   0.00630   0.00061
   0.00101   0.05250   0.17552   0.08280   0.00560   0.00004   0.00000
   0.00016   0.01941   0.14048   0.16454   0.03685   0.00126   0.00002
   0.00000   0.00154   0.03991   0.13872   0.07952   0.00627   0.00024
   0.00940   0.00385   0.00786   0.08388   0.10275   0.01731   0.00066
   0.07120   0.04148   0.00716   0.03259   0.08657   0.03561   0.00221
   0.03727   0.04067   0.01819   0.00894   0.04449   0.04000   0.00454
   0.08426   0.24162   0.16092   0.02209   0.01757   0.02663   0.00401
   0.13114   0.42743   0.34356   0.06379   0.00899   0.01192   0.00200
   0.01986   0.10533   0.14492   0.05149   0.00912   0.00588   0.00081
   0.00314   0.01775   0.02568   0.01449   0.02634   0.01873   0.00126
   0.00016   0.00252   0.00583   0.01567   0.07588   0.04336   0.00234
   0.03552   0.07520   0.04338   0.03309   0.11048   0.04643   0.00197
   0.17673   0.19753   0.05309   0.02079   0.05782   0.02039   0.00062
   0.06421   0.04650   0.00649   0.00335   0.01055   0.00483   0.00035
   0.00024   0.00008   0.00012   0.00147   0.00417   0.00289   0.00033
   0.00000   0.00005   0.00023   0.00058   0.00206   0.00187   0.00018
   0.00200   0.04949   0.09105   0.02187   0.00070   0.00000   0.00000
   0.00029   0.01656   0.07270   0.05834   0.00832   0.00014   0.00000
   0.00000   0.00182   0.04241   0.09926   0.03148   0.00118   0.00004
   0.00004   0.00016   0.01517   0.07728   0.05476   0.00747   0.00021
   0.00030   0.00005   0.00144   0.02222   0.04743   0.02042   0.00127
   0.00294   0.00360   0.00097   0.00268   0.02165   0.02191   0.00247
   0.13444   0.15436   0.03211   0.00127   0.00857   0.01378   0.00180
   0.20804   0.26917   0.07176   0.00369   0.00169   0.00328   0.00048
   0.05184   0.08167   0.03316   0.00306   0.00091   0.00106   0.00010
   0.01614   0.02288   0.00879   0.00235   0.00945   0.00567   0.00025
   0.00016   0.00039   0.00040   0.01480   0.05562   0.02027   0.00073
   0.00387   0.00325   0.00122   0.04227   0.11066   0.02832   0.00097
   0.02394   0.01364   0.00204   0.03430   0.07208   0.01471   0.00028
   0.00988   0.00433   0.00043   0.00819   0.01870   0.00466   0.00015
   0.00005   0.00001   0.00010   0.00266   0.00572   0.00190   0.00009
   0.00000   0.00000   0.00005   0.00117   0.00242   0.00096   0.00005
   0.00029   0.00471   0.00770   0.00236   0.00008   0.00000   0.00000
   0.00004   0.00384   0.03194   0.02621   0.00186   0.00000   0.00000
   0.00000   0.00284   0.04792   0.06407   0.00981   0.00032   0.00001
   0.00000   0.00040   0.01472   0.03989   0.01934   0.00347   0.00007
   0.00000   0.00000   0.00071   0.00708   0.01779   0.01000   0.00055
   0.00036   0.00021   0.00002   0.00082   0.01032   0.01119   0.00095
   0.01794   0.01088   0.00068   0.00017   0.00408   0.00547   0.00050
   0.02898   0.01878   0.00148   0.00002   0.00033   0.00051   0.00005
   0.02221   0.01300   0.00139   0.00002   0.00012   0.00011   0.00001
   0.00990   0.00539   0.00057   0.00043   0.00213   0.00104   0.00003
   0.00008   0.00006   0.00019   0.00972   0.02241   0.00501   0.00014
   0.00000   0.00000   0.00122   0.03985   0.06615   0.00994   0.00030
   0.00000   0.00000   0.00155   0.03696   0.05031   0.00577   0.00025
   0.00000   0.00000   0.00037   0.01010   0.01570   0.00225   0.00021
   0.00000   0.00000   0.00013   0.00325   0.00539   0.00101   0.00003
   0.00000   0.00000   0.00008   0.00122   0.00181   0.00042   0.00001
