   17   16    7
 -24.00000   3.00000 -30.00000   4.00000  -1.00000   2.00000
   1.41000   1.55417   1.86636   1.89132   2.05188   2.01694   1.93131
   1.40334   1.52590   1.87517   1.87496   2.02905   2.05799   1.94234
   1.40124   1.47997   1.74159   1.78688   1.91551   1.97699   1.93780
   1.36841   1.38338   1.92847   2.04798   1.99668   2.08404   1.98036
   1.30641   1.34250   2.14950   1.87441   1.79451   2.02610   2.00091
   1.36811   1.51877   2.16584   1.77206   1.85244   1.96168   1.95654
   1.40040   1.50976   1.86286   1.78298   1.88347   1.94062   1.93352
   1.40507   1.46380   1.81537   1.86214   1.91009   1.92939   1.92813
   1.40382   1.28214   1.70418   1.84686   1.90081   1.92163   1.92568
   1.38484   1.39040   1.76921   1.83387   1.88488   1.91578   1.92491
   1.40107   1.50407   1.82498   1.86155   1.91169   1.92540   1.92599
   1.40139   1.50466   1.82448   1.86421   1.91865   1.92773   1.92595
   1.40139   1.50461   1.82447   1.86432   1.91883   1.92776   1.92593
   1.40148   1.50464   1.82489   1.86731   1.92135   1.92797   1.92593
   1.40148   1.50429   1.82325   1.87239   1.92408   1.92800   1.92593
   1.40148   1.50333   1.81565   1.86408   1.92023   1.92777   1.92593
   1.40854   1.53217   1.88624   1.88620   2.00429   2.00422   1.93377
   1.40743   1.54717   1.95309   1.97744   2.08996   2.17444   1.97924
   1.43667   1.54726   1.80249   1.84662   1.91729   2.07633   1.98203
   1.41195   1.45524   1.72982   1.97670   1.99910   2.08924   2.02531
   1.38155   1.40681   1.92491   2.05105   1.82107   1.96558   2.08854
   1.39204   1.48161   2.11231   1.95298   1.89268   1.92995   1.99654
   1.40060   1.49025   1.91741   1.85948   1.89371   1.97172   1.94971
   1.41372   1.48689   1.75945   1.85864   1.90382   1.94381   1.93944
   1.45957   1.49341   1.61441   1.86555   1.91718   1.90407   1.92119
   1.41126   1.37216   1.70444   1.88273   1.85251   1.85961   1.89794
   1.39519   1.48928   1.83898   1.87509   1.90386   1.91343   1.91857
   1.31517   1.41190   1.80700   1.85755   1.91683   1.92776   1.92595
   1.34269   1.44689   1.80815   1.85677   1.92123   1.93016   1.92607
   1.38621   1.47399   1.80054   1.85347   1.93661   1.93505   1.92620
   1.37662   1.47510   1.80589   1.85269   1.93387   1.93117   1.92599
   1.39843   1.50193   1.81837   1.86017   1.92049   1.92791   1.92593
   1.40242   1.54000   1.96087   1.90568   1.91946   1.93769   1.92674
   1.36854   1.48984   1.90293   1.86091   1.92871   2.06138   1.97214
   1.50192   1.72332   1.99733   1.94579   1.95359   2.15165   2.03892
   1.42613   1.86015   2.20038   1.87642   1.98702   2.09343   1.99913
   1.27584   1.36656   1.98612   1.83904   1.92396   1.85181   2.06093
   1.39019   1.54204   2.11481   1.93064   2.13953   1.80440   1.98980
   1.39703   1.50811   1.85102   1.83954   1.87461   1.95964   1.94920
   1.40244   1.45760   1.74673   1.98406   1.93845   1.97669   1.93662
   1.41128   1.50801   1.74317   1.84413   2.06630   1.92632   1.91258
   1.54273   1.54685   1.58289   1.97844   1.94234   1.88640   1.89865
   1.46306   1.45232   1.73996   1.86105   1.89503   1.91855   1.91319
   1.05254   0.90922   1.62722   1.72865   1.85213   1.89468   1.91334
   1.22985   1.16371   1.64245   1.69833   1.83440   1.92111   1.92699
   1.24157   1.11451   1.55636   1.70237   1.89351   1.95060   1.92921
   1.08317   1.08875   1.69610   1.82750   1.92150   1.93303   1.92622
   1.36281   1.47087   1.81959   1.86273   1.91887   1.92782   1.92593
   1.40155   1.51143   1.84816   1.75347   1.77363   1.89646   1.92123
   1.32973   1.41042   1.91777   1.95815   1.70843   1.86484   1.93144
   1.22712   0.81763   1.31973   2.02197   1.64839   1.86433   1.96316
   1.49694   1.45588   1.71137   2.15457   1.78836   1.94741   1.98068
   1.31110   1.17088   2.06542   2.05149   1.76652   1.87037   2.03011
   1.12837   1.32798   2.14652   1.94064   2.07174   1.89795   1.87270
   1.22327   1.45187   1.87547   1.79096   1.85537   1.95007   1.87437
   1.39960   1.40710   1.34552   1.79090   1.95003   1.82735   1.90702
   1.36299   1.50513   1.90366   1.85084   1.95086   1.93277   1.89176
   1.37623   1.48867   1.57465   1.95063   1.88744   1.93666   1.97147
   1.51676   1.59136   1.81480   1.77667   1.85714   1.89234   1.93073
   1.35982   0.99071   1.73396   1.70501   1.73173   1.78989   1.85800
   1.54064   1.23282   1.57393   1.65007   1.69632   1.85622   1.91831
   1.29914   0.95530   1.44800   1.67002   1.83468   1.93284   1.93088
   1.11191   1.00140   1.61679   1.83160   1.91523   1.92884   1.92607
   1.37102   1.47324   1.82058   1.86435   1.91864   1.92774   1.92593
   1.40147   1.50037   1.80648   1.71163   1.69334   1.87511   1.91882
   1.38455   1.47959   1.79826   1.82130   1.76725   1.83355   1.91584
   1.31520   1.39491   1.57554   1.97047   2.01840   1.93831   1.93840
   1.30650   1.62207   1.01714   1.56702   1.94138   1.95762   2.04334
   1.32405   1.62197   1.85484   2.19843   2.14607   1.98926   2.06341
   0.96335   0.78996   1.45195   1.79450   1.81428   2.13780   1.83515
   1.14097   1.19486   1.77284   2.08561   1.74955   2.09021   1.93399
   1.40269   1.53367   1.53462   1.93851   1.89893   1.73101   1.98060
   1.31620   1.61279   2.18407   1.62533   2.01142   1.97485   1.97601
   1.23921   1.02625   1.38433   2.16098   1.80569   1.64674   1.81215
   1.47849   1.63614   1.78413   1.98684   1.95695   1.81630   1.87987
   1.71680   1.60148   1.77861   1.88057   1.91040   1.98418   1.93763
   1.69492   1.49371   1.54097   1.72473   1.83734   1.91396   1.92826
   1.38659   1.16518   1.43176   1.72048   1.88101   1.92007   1.92563
   1.36424   1.38310   1.73198   1.85360   1.91508   1.92309   1.92527
   1.40008   1.50318   1.82715   1.86428   1.91621   1.92679   1.92590
   1.40140   1.48157   1.80105   1.90603   1.81247   1.88210   1.91984
   1.39133   1.46600   1.70922   1.74948   1.90356   1.86094   1.91339
   1.19095   1.30428   1.68176   1.65114   1.94446   1.98811   1.95755
   0.86597   0.88498   1.56583   1.76928   1.79962   2.04935   2.10220
   1.09106   1.08725   1.34699   1.70561   2.14911   1.81429   1.97838
   1.32882   1.31611   1.68056   1.99872   2.07533   2.06200   1.94272
   1.39180   1.49846   1.82729   1.84533   1.89273   2.01973   2.14705
   1.36120   1.48222   1.92667   1.82099   1.81774   1.96800   2.03080
   1.27456   1.52860   2.22674   1.73306   2.03922   1.77159   1.91448
   1.22412   1.80593   2.09674   1.97496   1.82831   1.86603   1.90292
   1.49478   1.49687   1.90970   1.99041   1.93093   1.96665   1.80912
   1.41780   1.48782   1.88829   2.13303   2.02584   1.93190   1.92430
   1.42130   1.70939   1.69323   1.81265   1.82729   1.87807   1.93438
   1.49729   1.52536   1.65088   1.67096   1.85182   1.91508   1.93028
   1.40543   1.58530   1.84349   1.78868   1.87954   1.91487   1.92584
   1.43959   1.55415   1.79926   1.80134   1.88930   1.92369   1.92599
   1.40044   1.42589   1.83106   1.85946   1.78405   1.88600   1.92155
   1.40127   1.49376   1.83973   1.74780   1.67757   1.77774   1.90359
   1.36895   1.43889   1.94564   1.75288   1.65332   1.75440   1.90318
   1.37581   1.22705   1.60347   2.14874   1.87947   2.03780   2.03184
   1.27752   1.60962   1.74628   1.76381   2.16227   1.80710   1.96992
   1.51238   1.37965   1.84529   1.88147   1.88757   2.01521   2.02525
   1.45061   1.41174   1.65221   1.95409   1.74283   1.93075   2.03056
   1.46402   1.46515   1.74184   1.75912   1.91122   1.97392   1.98829
   1.68574   1.69130   1.81695   2.11395   1.91849   1.65085   1.96251
   1.13988   1.37992   1.59724   1.87073   1.97472   1.95289   1.96541
   1.62210   1.82518   1.63660   1.71500   1.91899   1.86425   1.90301
   1.14023   1.46118   1.95058   2.05957   2.13024   1.78360   1.93279
   1.20792   1.66609   1.74916   1.91927   2.02580   1.88125   1.93964
   1.40316   1.28844   1.44113   1.65475   1.91810   1.94301   1.94016
   1.37564   1.63652   1.67046   1.47847   1.80247   1.93582   1.93652
   1.51350   1.64121   1.56273   1.53898   1.83594   1.93405   1.92889
   1.40094   1.46925   1.86631   1.93152   1.87628   1.91213   1.92445
   1.40143   1.48954   1.83395   2.01115   1.88696   1.81196   1.89458
   1.40787   1.50840   1.91873   1.90433   1.97889   1.79903   1.82581
   1.49084   1.47252   1.82391   2.03518   1.86863   1.99035   1.86558
   1.50448   1.35145   1.78659   1.86742   1.96420   1.75129   1.96566
   1.47370   1.38429   1.85916   1.73278   2.02288   1.89172   2.28412
   1.37839   1.51435   1.83067   1.87264   1.91075   1.96066   2.11298
   1.29652   1.53464   1.82909   1.97768   1.99943   1.97243   1.87425
   1.57283   1.37052   1.85709   1.75471   2.01751   1.87441   1.87553
   1.29442   1.35437   1.94818   1.75865   1.95399   1.83395   1.75455
   1.29629   1.84848   2.10319   1.65689   1.90577   1.92797   1.85687
   1.30503   1.31149   1.71747   1.79872   1.81394   1.84889   1.99754
   1.42758   1.96484   1.82831   1.84071   2.21448   1.97684   1.95242
   1.39950   1.54141   1.48360   1.84235   1.97993   1.94784   1.95286
   1.40661   1.60627   1.74329   1.48943   1.67506   1.94529   1.94312
   1.43135   1.56939   1.89586   1.62761   1.74463   1.94661   1.93298
   1.40148   1.50377   1.82363   1.86521   1.91636   1.92666   1.92584
   1.40167   1.50421   1.81946   1.87313   1.92515   1.92124   1.92079
   1.43506   1.52034   1.83038   1.80593   1.92726   1.95242   1.89495
   1.52621   1.47409   1.97112   1.84133   1.85666   2.07418   1.88491
   1.36493   1.03589   1.93124   1.96635   2.05677   2.08324   1.94296
   1.50057   1.51537   1.95074   1.84886   1.66720   1.90650   1.86996
   1.45499   1.67814   1.70275   1.93029   1.80629   2.12806   2.11839
   1.56404   1.69581   1.61046   1.96714   1.97148   1.96388   2.02015
   1.37049   1.45910   1.88773   1.87096   1.99976   1.99831   1.90788
   1.30999   1.41472   1.74331   1.95870   1.92056   1.98586   1.96796
   1.30540   1.48488   1.65631   1.93158   1.84184   2.09084   1.92164
   1.29921   1.02571   1.82871   2.11138   1.92144   1.65259   1.75086
   1.47257   1.54653   1.76914   1.80383   1.92489   1.85200   1.90549
   1.54709   2.02672   1.83301   2.05690   2.05315   1.98281   1.96742
   1.42369   1.40888   1.47399   1.66365   1.97281   1.99858   1.96035
   1.36006   1.35139   1.82065   1.64063   1.76031   1.97153   1.94287
   1.40029   1.50362   1.82424   1.86430   1.91917   1.92803   1.92594
   1.39234   1.48042   1.79087   1.84339   1.93088   1.94890   1.92849
   1.41047   1.43908   1.72155   1.77069   1.92264   1.97853   1.93968
   1.50374   1.48992   1.60861   1.79672   2.02206   1.86410   1.88479
   1.43411   1.65670   1.79265   1.82027   2.14309   1.69583   1.74149
   1.36344   1.44687   1.79129   1.85327   2.08554   2.20461   1.65475
   1.40879   1.32169   1.39404   2.15209   1.79820   1.86107   1.91126
   1.69017   1.86694   1.83667   1.94486   1.95283   1.84457   1.84807
   1.59985   1.67653   1.80028   1.94099   1.77838   2.08717   2.03487
   1.45747   1.28454   1.78090   1.86615   2.06927   1.81926   1.82735
   1.41629   1.41062   1.71019   1.54598   1.92378   2.03587   2.10640
   1.27466   1.36422   1.84796   1.77999   1.89765   1.91233   2.04849
   1.35943   1.15583   1.69215   1.47257   1.99823   2.10422   2.06393
   1.40760   1.37574   1.46831   1.54464   2.14896   2.18818   2.05807
   1.40150   1.40466   1.72884   1.84831   1.97697   2.13291   2.02770
   1.37311   1.49005   1.76529   1.38668   1.66281   2.05132   1.97572
   1.39216   1.50090   1.82386   1.86572   1.92353   1.92935   1.92596
   1.32955   1.43750   1.80817   1.86790   1.97538   1.96888   1.93255
   1.34573   1.35819   1.76774   1.89358   2.00809   1.99115   1.96655
   1.39431   1.41577   1.77761   1.85077   1.98630   1.75005   1.88614
   1.43532   1.53417   1.84473   2.08539   2.18700   2.06302   1.90544
   1.44593   1.60649   1.75896   1.78412   1.87062   1.92425   1.85164
   1.33059   1.22705   1.76771   1.96586   1.82194   1.58898   1.87547
   1.42738   1.47213   1.74327   1.58012   2.22016   1.73190   1.71300
   1.51723   1.39604   1.72174   1.90854   1.94808   2.14823   2.01408
   1.65731   1.55437   1.67397   1.71392   1.78704   2.04552   1.85879
   1.47220   1.38391   1.70348   2.05495   1.84453   1.89779   1.92749
   1.46619   1.79193   2.04993   1.59410   1.86446   1.95588   2.01070
   1.40612   1.46906   1.66688   1.77308   1.99034   1.72836   1.96556
   1.42213   1.86109   1.98221   1.86730   1.51178   1.57691   1.99517
   1.45462   1.66834   1.58924   1.61757   1.38831   1.84862   2.01681
   1.42123   1.56076   1.79280   1.90300   1.78236   2.02078   1.98064
   1.39787   1.50455   1.82522   1.87657   1.93721   1.93132   1.92604
   1.38672   1.51925   1.83317   1.87684   2.00983   1.97868   1.93476
   1.40575   1.56578   1.87358   1.82430   1.94430   1.94272   1.94108
   1.40280   1.54183   1.91031   1.75772   1.94067   1.94421   1.91402
   1.40363   1.40400   1.87007   1.94159   1.99122   2.10395   1.93953
   1.43745   1.41830   1.59169   1.85364   1.99965   1.90187   1.81723
   1.41444   1.55764   1.96582   1.92710   1.92173   1.91923   1.80842
   1.40131   1.44427   1.65219   1.83155   1.92229   1.65426   1.63545
   1.40568   1.28184   1.67658   1.90926   1.97200   1.93774   1.85399
   1.51696   1.48601   1.85249   1.94720   1.94849   2.10999   1.94531
   1.40144   1.29051   1.65947   1.81186   1.74472   2.06281   1.99508
   1.40289   1.52942   1.90013   1.82430   1.79402   1.84561   1.92220
   1.38682   1.36160   1.68157   1.85853   1.84493   1.63764   1.91298
   1.48249   1.67893   1.94884   2.16571   1.85320   1.77995   1.99838
   1.56592   1.69224   1.83450   2.09202   1.83146   2.00582   2.00058
   1.41170   1.40614   1.60517   1.93979   2.02460   2.06244   1.95720
   1.40153   1.50388   1.82956   1.91231   1.95359   1.93183   1.92602
   1.40242   1.50384   1.77991   1.86731   2.03957   1.96310   1.92815
   1.40271   1.50853   1.75922   1.66956   1.92484   1.95026   1.91898
   1.40086   1.52321   1.83960   1.66007   1.79786   1.95697   1.90901
   1.36650   1.44121   1.95193   1.88364   1.92845   1.91090   1.88940
   1.37695   1.37732   1.83885   2.09177   2.01792   1.90402   1.87172
   1.40148   1.47977   1.82785   1.86543   1.88325   1.94994   1.90252
   1.40138   1.50885   1.93763   1.88418   1.72530   1.84378   1.88673
   1.39589   1.46234   1.75072   1.78868   1.90868   1.92827   1.88243
   1.40229   1.47764   1.76212   1.75619   1.85227   1.91618   1.90338
   1.40414   1.52031   1.99126   1.85007   1.82260   1.85522   1.95563
   1.39917   1.52330   1.88961   1.83028   1.92540   1.94938   1.96739
   1.40101   1.55607   1.83108   1.75868   1.84594   1.91865   1.98946
   1.41510   1.50526   1.71039   1.64808   1.78511   1.99936   2.02289
   1.44831   1.51275   1.66741   1.68188   1.83435   2.15268   2.01205
   1.40509   1.42530   1.68364   1.64800   1.95919   2.14415   1.96225
   1.40032   1.46894   1.82047   1.97611   1.95218   1.92898   1.92594
   1.40122   1.46847   1.65146   1.88418   2.01434   1.93344   1.92555
   1.40147   1.49645   1.67683   1.57756   1.84754   1.91250   1.91983
   1.40431   1.52492   1.81189   1.70040   1.87050   1.92517   1.90861
   1.36410   1.53854   1.87137   1.83504   1.91968   1.93785   1.90890
   1.35506   1.43038   1.83854   1.85896   1.99335   2.04877   1.94609
   1.40204   1.52903   1.84327   1.66164   1.84169   1.98204   1.96121
   1.40250   1.50825   1.79038   1.64566   1.76323   1.91287   1.95296
   1.40122   1.50298   1.81517   1.88156   1.88609   1.84113   1.88324
   1.40037   1.46116   1.67355   1.79205   1.89553   1.81175   1.90174
   1.40090   1.49923   1.77481   1.78567   1.82064   1.76742   1.91519
   1.37076   1.42771   1.78220   1.87663   1.92169   1.85405   1.91193
   1.35107   1.46668   1.79464   1.84732   1.88845   1.83941   1.90431
   1.39267   1.49129   1.77333   1.78162   1.82671   1.86095   1.92127
   1.40151   1.48230   1.72358   1.78005   1.84668   1.92349   1.93051
   1.40083   1.45415   1.73637   1.78609   1.86734   1.94489   1.92917
   1.39202   1.36879   1.82750   1.96817   1.92798   1.92777   1.92593
   1.39983   1.42802   1.66484   1.86360   1.92117   1.92486   1.92581
   1.40145   1.49699   1.72874   1.70836   1.91317   1.92247   1.92480
   1.40154   1.50686   1.81534   1.81100   1.93293   1.92573   1.92233
   1.38456   1.48811   1.79879   1.83403   1.95853   1.96065   1.92863
   1.38531   1.48167   1.80460   1.84058   1.93969   1.95301   1.93457
   1.40640   1.53875   1.83772   1.81636   1.87898   1.94592   1.94617
   1.38032   1.44196   1.83234   1.88571   1.94451   1.97480   1.95138
   1.39379   1.49324   1.85642   1.91278   1.89214   1.91020   1.92863
   1.38724   1.41145   1.72771   1.85160   1.86716   1.88816   1.93269
   1.40034   1.49010   1.79251   1.87189   1.90533   1.90021   1.94193
   1.36390   1.42779   1.76245   1.94404   2.02137   1.92283   1.92001
   1.27935   1.39189   1.79245   1.95537   1.98546   1.85672   1.89384
   1.36709   1.48265   1.81658   1.85895   1.83629   1.81940   1.90172
   1.40131   1.50331   1.81566   1.84719   1.87186   1.89221   1.92063
   1.40145   1.50153   1.81673   1.85775   1.90853   1.91991   1.92453
   1.39668   1.48007   1.87417   1.88513   1.91879   1.92773   1.92593
   1.40083   1.49170   1.75683   1.80748   1.91666   1.92712   1.92593
   1.40148   1.50322   1.72199   1.72780   1.90655   1.92572   1.92594
   1.40146   1.50414   1.78771   1.75359   1.83409   1.92062   1.92540
   1.40118   1.50415   1.81687   1.83649   1.88847   1.95116   1.92800
   1.40304   1.50955   1.82663   1.85575   1.91228   1.96219   1.93275
   1.42340   1.56616   1.85934   1.86370   1.92040   1.97802   1.94348
   1.41021   1.56910   1.88783   1.87835   1.93794   1.95847   1.93778
   1.35035   1.45165   1.81745   1.86507   1.91854   1.94254   1.93581
   1.35207   1.42043   1.79834   1.85795   1.88251   1.92094   1.92895
   1.39985   1.50031   1.82382   1.87228   1.90191   1.93291   1.93043
   1.39717   1.49808   1.83053   1.95737   2.00670   1.94468   1.92536
   1.38189   1.49013   1.83741   2.00968   2.02034   1.89110   1.91308
   1.39474   1.50136   1.82772   1.87640   1.80914   1.81683   1.90891
   1.40149   1.50463   1.82416   1.84586   1.83309   1.87514   1.92090
   1.40148   1.50463   1.82432   1.85950   1.90497   1.92190   1.92556
   1.40213   1.51187   1.81948   1.86080   1.91871   1.92774   1.92593
   1.40163   1.48265   1.67644   1.81493   1.91974   1.92770   1.92593
   1.40154   1.49153   1.68135   1.74910   1.89642   1.92757   1.92590
   1.40148   1.50249   1.79441   1.75952   1.85880   1.93302   1.92574
   1.40148   1.50459   1.82208   1.83536   1.93791   1.96732   1.92725
   1.40166   1.50484   1.82445   1.86329   1.95720   1.98025   1.93343
   1.40717   1.51291   1.82619   1.85924   1.91791   1.95540   1.93292
   1.40477   1.51374   1.82659   1.86387   1.92010   1.93241   1.92755
   1.36038   1.47980   1.82143   1.86414   1.92422   1.93814   1.93091
   1.37445   1.48769   1.82289   1.85871   1.90859   1.93478   1.92909
   1.40098   1.50423   1.82472   1.85783   1.89973   1.92995   1.92611
   1.40148   1.50469   1.83209   1.91581   1.96744   1.93937   1.92588
   1.40148   1.50473   1.84250   1.98999   2.00362   1.92004   1.92382
   1.40148   1.50465   1.82977   1.87720   1.83187   1.86842   1.92076
   1.40148   1.50463   1.82414   1.84061   1.82788   1.88577   1.92323
   1.40148   1.50463   1.82418   1.85553   1.89709   1.92089   1.92569
   0.74324   0.82101   0.98619   1.00241   1.09333   1.06975   1.01623
   0.73903   0.80649   1.00244   1.02390   1.10755   1.11212   1.02367
   0.73755   0.78222   0.94787   1.00460   1.04971   1.06671   1.02364
   0.71397   0.71093   1.07271   1.10205   1.02025   1.13307   1.05344
   0.68850   0.71207   1.15939   1.01311   0.93935   1.10918   1.06760
   0.72591   0.83377   1.14237   0.92463   0.97080   1.04393   1.03719
   0.73715   0.79730   0.98040   0.92681   0.98310   1.02397   1.01871
   0.73985   0.78931   0.99688   1.00027   1.00299   1.01655   1.01476
   0.74662   0.75349   0.97219   0.98875   0.99750   1.01174   1.01317
   0.73420   0.76497   0.94918   0.96593   0.98839   1.00850   1.01267
   0.73782   0.79409   0.96084   0.98215   1.00366   1.01374   1.01331
   0.73776   0.79332   0.96019   0.98376   1.00699   1.01492   1.01334
   0.73775   0.79329   0.96019   0.98380   1.00706   1.01493   1.01333
   0.73778   0.79329   0.96036   0.98505   1.00811   1.01501   1.01333
   0.73778   0.79315   0.95968   0.98715   1.00924   1.01503   1.01333
   0.73778   0.79275   0.95651   0.98370   1.00765   1.01493   1.01333
   0.74106   0.80546   1.04111   1.01699   1.05822   1.05845   1.01728
   0.74127   0.82179   1.05140   1.07690   1.14105   1.17892   1.04279
   0.75798   0.82204   0.97016   1.01592   1.08205   1.15671   1.05355
   0.74253   0.74767   0.93254   1.06499   1.00827   1.15672   1.09959
   0.72925   0.75815   1.04247   1.15268   0.95689   1.09403   1.15349
   0.73537   0.83230   1.14706   0.98881   1.01399   1.03940   1.07940
   0.73716   0.78683   1.03571   0.99718   1.00471   1.04757   1.03449
   0.74385   0.78393   0.94636   1.04732   1.02180   1.02903   1.02554
   0.76335   0.79191   0.88667   1.03782   1.02193   1.00046   1.01011
   0.74275   0.74102   0.92956   1.00207   0.96965   0.97185   0.99479
   0.73599   0.79140   0.97748   0.99012   0.99797   1.00604   1.00852
   0.70571   0.76277   0.95937   0.97986   1.00524   1.01486   1.01333
   0.71971   0.77551   0.95121   0.97783   1.00754   1.01589   1.01339
   0.72932   0.77432   0.94464   0.97784   1.01432   1.01796   1.01344
   0.72402   0.77671   0.95102   0.97879   1.01332   1.01635   1.01336
   0.73618   0.79193   0.95763   0.98207   1.00775   1.01499   1.01333
   0.73722   0.81060   1.08596   1.04524   1.00148   1.01659   1.01367
   0.71009   0.76971   1.03165   1.04648   1.03928   1.09397   1.03649
   0.79981   0.89235   1.08259   1.07604   1.08115   1.19787   1.07798
   0.77273   0.99593   1.18027   1.03730   1.01563   1.16182   1.09365
   0.67102   0.71442   1.05715   1.03908   1.02091   0.99494   1.18519
   0.73661   0.84160   1.21246   0.98147   1.15189   0.98097   1.10542
   0.73754   0.79672   1.00720   0.99775   1.04006   1.07505   1.04869
   0.73801   0.77585   0.94017   1.12651   1.06135   1.04810   1.02990
   0.74453   0.79648   0.87161   0.94842   1.16284   1.03759   1.00421
   0.83558   0.88806   0.89901   1.02117   1.04659   0.99471   0.99134
   0.79061   0.77832   0.95690   1.00856   0.98745   1.00465   1.00426
   0.60453   0.55087   0.91107   0.91702   0.96016   0.99411   1.00551
   0.70017   0.68502   0.86977   0.88154   0.95462   1.00640   1.01286
   0.64408   0.57166   0.81501   0.90072   0.99095   1.02362   1.01467
   0.56892   0.57795   0.89852   0.96746   1.00799   1.01712   1.01345
   0.71837   0.77674   0.95797   0.98314   1.00708   1.01495   1.01333
   0.73779   0.79654   0.97882   0.92099   0.89566   0.99402   1.01141
   0.68989   0.72113   1.00600   1.09122   0.88740   0.96079   1.01694
   0.64658   0.38908   0.59497   1.09179   0.90249   0.99662   1.03562
   0.86036   0.84445   0.92294   1.17059   1.00839   1.12219   1.07666
   0.74116   0.61455   1.07985   1.15060   1.00131   1.05527   1.18878
   0.61846   0.80606   1.19978   1.09285   1.11166   1.03709   1.05861
   0.62929   0.80666   0.99768   0.90548   0.90961   1.09793   1.04177
   0.73082   0.71127   0.70546   1.05516   1.01533   0.95746   1.01962
   0.72414   0.81805   0.98406   0.94698   1.08251   1.10962   1.01025
   0.75096   0.81857   0.97747   0.91401   0.99486   1.06683   1.04599
   0.86310   0.82605   0.99773   0.98703   0.98968   1.00319   1.01988
   0.75260   0.55811   0.97416   0.93858   0.90655   0.93282   0.96931
   0.84573   0.70011   0.87149   0.89981   0.90334   0.96880   1.00427
   0.68566   0.48137   0.77056   0.91569   0.97261   1.01579   1.01532
   0.59944   0.55113   0.85626   0.97153   1.00598   1.01541   1.01339
   0.72347   0.77825   0.95796   0.98379   1.00697   1.01492   1.01333
   0.73777   0.79046   0.95337   0.91530   0.88504   0.99719   1.01185
   0.72780   0.78978   0.95107   1.00160   0.95861   0.96985   1.01778
   0.64911   0.75368   0.88156   1.09182   1.15797   1.05041   1.03504
   0.65847   0.78166   0.59108   0.88404   1.07308   1.15439   1.13907
   0.75225   0.87680   0.93497   1.24550   1.17616   1.12850   1.13971
   0.46033   0.45247   0.72053   0.94938   0.96328   1.17485   0.98182
   0.51858   0.60656   0.94526   1.08467   0.88952   1.21451   1.10620
   0.73426   0.77100   0.77440   0.99816   0.99436   0.96241   1.07976
   0.68267   0.81845   1.14221   0.90198   1.03811   1.10299   1.10456
   0.68362   0.52685   0.69285   1.10674   0.88358   0.91778   0.99572
   0.87460   0.96209   0.92035   1.04799   1.01941   1.01845   1.01733
   0.96612   0.84911   0.94155   1.02071   1.04905   1.07083   1.01995
   0.95246   0.76930   0.83529   0.91253   1.00720   1.02858   1.01903
   0.76108   0.65203   0.75362   0.88936   1.00197   1.02053   1.01677
   0.72663   0.75207   0.90731   0.97181   1.00601   1.01354   1.01318
   0.73720   0.79267   0.96116   0.98352   1.00567   1.01448   1.01332
   0.73745   0.76976   0.96762   1.02172   0.94588   1.00259   1.01215
   0.73252   0.77086   0.90718   0.94024   1.00450   0.99318   1.01800
   0.63895   0.73232   0.92462   0.90580   1.05511   1.07787   1.03919
   0.44316   0.44266   0.82680   1.04071   0.94975   1.10401   1.15842
   0.58257   0.67423   0.73803   0.94918   1.22254   0.96232   1.06911
   0.73277   0.73407   0.87661   1.05807   1.09880   1.15102   1.03805
   0.78056   0.75541   0.91061   0.94579   1.01619   1.14546   1.17441
   0.75019   0.78115   1.11225   1.01374   1.05449   1.16239   1.08025
   0.66957   0.66770   1.15417   0.84070   1.02894   0.91424   1.09502
   0.58355   0.87306   1.12896   1.08196   1.01807   0.96457   1.03341
   0.88250   0.66262   0.99291   1.10033   0.98864   1.04104   0.97632
   0.75890   0.65292   1.14155   1.19505   1.12481   1.07237   1.04461
   0.76587   1.02692   0.93096   0.93593   0.96816   1.02658   1.04242
   0.80018   0.80697   0.87200   0.88186   0.97693   1.02881   1.02485
   0.74217   0.83756   0.98893   0.94465   0.99298   1.01213   1.01415
   0.76147   0.82602   0.94513   0.94580   0.99296   1.01316   1.01341
   0.73674   0.72555   1.00844   1.05240   0.94011   1.00145   1.01204
   0.73774   0.78222   1.00094   1.01649   0.89820   0.94630   1.01178
   0.72201   0.76968   1.09674   1.01012   0.91322   0.92310   1.01364
   0.72100   0.65935   0.86307   1.19447   1.05284   1.10067   1.09533
   0.53324   0.78931   0.95160   0.87020   1.14029   1.00662   1.11694
   0.86802   0.66258   0.96934   1.01535   0.98326   1.13018   1.02590
   0.93555   0.77031   0.75590   1.00737   0.99364   0.95524   0.95613
   0.82379   0.67961   0.88704   0.89999   0.98421   1.07232   1.03478
   1.11294   0.94626   0.86583   1.13661   1.07222   0.86211   1.11259
   0.38420   0.74464   0.87927   0.97598   1.20251   0.94927   0.98783
   1.02025   1.05032   0.81745   0.90388   1.03515   0.93723   0.93469
   0.66478   0.68627   1.00937   1.01607   1.16023   1.00481   1.03725
   0.60538   0.89950   0.78136   0.98472   1.08866   1.02311   1.04326
   0.74952   0.69658   0.82171   1.00761   1.03421   1.03486   1.02572
   0.76095   0.91455   0.95607   0.81073   0.94717   1.02109   1.02302
   0.79805   0.85785   0.83329   0.80809   0.95880   1.01793   1.01608
   0.73744   0.76651   0.98574   1.03792   0.98011   1.00670   1.01283
   0.73775   0.78335   0.96146   1.07374   0.99571   0.95096   0.99554
   0.74055   0.79445   1.04023   0.99406   1.02551   0.98723   0.97127
   0.78982   0.77362   1.02275   1.13821   0.93981   1.14284   1.06788
   0.82674   0.68148   0.93946   0.92362   0.99063   0.93648   1.13498
   0.84749   0.75293   0.94815   0.90082   1.11510   1.01924   1.20424
   0.73997   0.77477   1.00028   1.04781   1.06232   1.16220   1.12755
   0.55921   0.76434   1.11771   1.08696   0.98993   1.11226   1.02449
   0.78783   0.75063   0.96073   0.88652   1.17949   1.10756   0.99620
   0.47388   0.54996   1.03115   0.93520   1.02139   1.02158   0.94138
   0.64466   1.00382   1.08084   0.97915   1.04157   1.08821   1.02862
   0.79377   0.70008   0.84392   1.05427   1.01263   1.01754   1.07406
   0.77689   1.03767   0.97232   0.98005   1.19162   1.08717   1.05375
   0.74325   0.81077   0.77004   0.99001   1.04880   1.04528   1.03209
   0.74288   0.79205   0.90483   0.87812   0.88873   1.02602   1.02602
   0.74574   0.80240   1.10727   0.96188   0.90183   1.02624   1.01925
   0.73778   0.79291   0.96195   0.98723   1.00537   1.01397   1.01324
   0.73786   0.79343   0.96435   1.00497   1.01487   1.01021   1.00880
   0.75931   0.81245   0.98281   1.00383   1.03616   1.05493   1.00140
   0.77183   0.80524   1.08342   1.03186   1.03197   1.14581   1.04010
   0.78041   0.45395   1.00238   1.02765   1.25859   1.09387   1.05457
   0.92878   0.94686   1.08872   1.01835   0.92688   0.92637   1.03013
   0.74362   0.87277   0.98251   1.04298   0.87573   1.12405   1.15412
   0.93073   1.04746   0.88455   1.10848   1.05583   1.03270   1.01838
   0.81764   0.69201   1.10748   1.11240   1.04472   1.06481   0.95590
   0.65943   0.61226   1.02540   1.11700   1.03697   1.04642   1.06467
   0.65181   0.76641   0.92449   0.93083   1.02841   1.17078   1.08027
   0.71273   0.39759   0.86049   1.09903   1.05810   0.90025   0.93503
   0.76328   0.73207   0.91821   0.90943   1.03504   1.03188   1.03691
   0.81846   1.07440   0.96632   1.08470   1.11311   1.07766   1.04394
   0.74201   0.66147   0.74886   1.03019   1.08446   1.05326   1.03206
   0.69188   0.64232   1.03668   1.00110   0.91386   1.03579   1.02281
   0.73804   0.79416   0.96063   0.98392   1.00737   1.01514   1.01334
   0.73275   0.79504   0.96896   0.98458   1.02272   1.03364   1.01537
   0.73315   0.73112   0.93800   0.99623   1.05953   1.08557   1.03067
   0.77015   0.76894   0.84387   0.97680   1.06861   1.00178   1.01869
   0.74574   0.85492   0.99912   0.88647   1.10022   0.84599   0.93405
   0.74149   0.77216   1.07195   1.03790   1.02928   1.18863   0.96029
   0.74631   0.64985   0.74214   1.19139   1.02956   0.98569   1.05700
   0.93973   0.94331   0.90334   1.05220   1.20960   1.02657   1.09516
   0.87603   0.80326   0.96822   0.98849   0.99936   1.19764   1.19539
   0.74533   0.59087   1.03917   1.03894   1.16232   0.96438   0.95589
   0.80840   0.88564   0.96251   0.82309   1.02718   1.09397   1.11647
   0.80060   0.79294   0.94432   1.05664   0.97566   0.98289   1.05808
   0.70822   0.54331   0.98603   0.90093   1.09391   1.17382   1.10716
   0.79522   0.90207   0.89795   0.85537   1.22513   1.22949   1.09551
   0.75172   0.74607   0.91710   1.04343   1.06017   1.13329   1.06766
   0.68014   0.68895   0.93218   0.75938   0.84669   1.07551   1.04034
   0.73981   0.79790   0.96140   0.98516   1.01091   1.01612   1.01334
   0.71605   0.82012   0.99980   1.00298   1.06417   1.04967   1.01724
   0.66832   0.67983   0.99830   1.04508   1.09622   1.09027   1.04576
   0.72447   0.69052   0.90147   1.00391   1.02919   0.95725   1.03528
   0.75923   0.81856   0.92307   1.15583   1.25469   1.13363   1.05842
   0.77751   0.84700   0.97295   1.08284   1.07478   1.13076   1.02975
   0.73325   0.70545   0.96555   1.06249   0.92250   0.92639   1.09961
   0.75054   0.78161   0.98510   0.89257   1.15934   0.90592   1.11286
   0.78172   0.79108   0.98306   0.93902   1.06071   1.05388   1.14286
   0.78488   0.72976   0.91630   0.94447   1.04136   1.05784   0.94272
   0.80300   0.72903   1.00470   1.12851   0.97940   1.06972   1.06856
   0.85294   0.87954   0.95474   0.83085   1.02222   1.05666   1.07925
   0.72045   0.72870   0.89885   0.97659   1.08033   0.95003   1.05985
   0.75535   0.93763   0.96219   0.98518   0.87855   0.86980   1.05813
   0.76052   0.83271   0.81246   0.92448   0.77400   0.97182   1.05746
   0.73996   0.80227   0.96766   1.05076   0.92333   1.05562   1.03941
   0.73928   0.79550   0.96169   0.99651   1.02288   1.01733   1.01338
   0.74070   0.81995   0.97681   1.01322   1.09391   1.05287   1.01880
   0.72955   0.82082   1.00899   0.97583   1.03172   1.05415   1.03000
   0.73586   0.80076   1.01051   0.96953   1.01286   1.08309   1.04267
   0.74105   0.73769   0.96728   1.09624   1.08736   1.10679   1.04818
   0.77871   0.78489   0.78300   0.92959   1.09133   1.00616   0.97132
   0.76761   0.86719   0.95361   0.94679   1.00236   1.08130   1.00379
   0.73817   0.76667   0.88842   1.03449   1.08722   1.01227   0.96680
   0.74183   0.70792   0.90417   1.00657   1.08548   1.05595   1.01758
   0.77679   0.84232   1.04255   1.05505   1.08312   1.05191   0.96186
   0.70598   0.65533   0.88087   0.86518   1.05412   1.14360   1.04783
   0.69968   0.74780   0.99551   0.93295   1.04025   1.04536   1.01997
   0.72268   0.75532   0.93558   0.99407   0.97616   0.92256   1.03310
   0.80209   0.95257   1.07369   1.12569   1.01836   1.01243   1.07153
   0.83196   0.89837   0.93186   1.12922   1.04953   1.10795   1.06088
   0.74306   0.73871   0.84302   1.07936   1.10191   1.10676   1.03118
   0.73785   0.79331   0.97315   1.03419   1.03433   1.01739   1.01338
   0.73851   0.79390   0.94562   1.01856   1.10659   1.04122   1.01492
   0.73864   0.79803   0.93716   0.88267   1.03649   1.06225   1.01701
   0.73859   0.80503   0.98177   0.90017   0.96591   1.06757   1.02071
   0.73409   0.78190   1.04278   1.04642   1.07573   1.02712   1.00723
   0.73699   0.73231   0.89094   1.17623   1.12571   1.03568   1.00310
   0.73853   0.76429   0.94799   1.12201   1.04460   1.05991   1.01908
   0.73768   0.79164   1.02141   0.95435   0.90881   1.02419   1.01578
   0.73561   0.76352   0.88352   0.97579   1.11903   1.07467   0.99542
   0.74305   0.79470   0.96449   1.01100   0.99541   1.01352   0.98013
   0.74105   0.81444   1.04642   1.00784   1.02996   1.00626   1.03277
   0.73976   0.85140   0.99628   0.98071   1.10692   1.08744   1.03870
   0.74801   0.89441   0.96760   0.93422   1.06881   1.06777   1.05538
   0.76327   0.83321   0.90869   0.93288   1.04742   1.10549   1.06860
   0.77633   0.80823   0.85843   0.97344   1.06805   1.17929   1.05917
   0.73969   0.72935   0.87930   0.95286   1.09655   1.15135   1.03174
   0.73707   0.77640   0.99529   1.08164   1.03036   1.01571   1.01333
   0.73764   0.77480   0.88396   1.03931   1.08411   1.02136   1.01333
   0.73778   0.78947   0.88655   0.86109   1.01296   1.02815   1.01381
   0.74443   0.80592   0.95327   0.92658   1.04318   1.03900   1.01011
   0.76657   0.84271   0.99010   0.97393   1.03367   1.05435   1.01323
   0.74306   0.78603   0.99827   1.01938   1.06411   1.11940   1.03823
   0.73791   0.80127   1.00161   0.89975   0.96450   1.05240   1.03894
   0.73673   0.78139   0.96206   0.92154   0.99485   1.02573   1.01799
   0.73744   0.79365   0.99772   1.07362   1.06604   0.96978   0.96073
   0.73736   0.77826   0.91292   0.95315   1.02872   0.97864   0.97758
   0.73743   0.79041   0.94611   0.97472   1.02268   0.97908   1.00105
   0.72960   0.77467   0.95435   0.99584   1.04357   1.00826   1.00534
   0.74493   0.81393   0.91576   0.96878   1.00427   0.96466   1.00581
   0.74017   0.77985   0.92851   0.98042   0.96467   0.96742   1.01217
   0.73790   0.78343   0.94381   0.99506   0.96533   1.00816   1.01585
   0.73734   0.77035   0.95740   0.97599   0.97947   1.02487   1.01497
   0.73197   0.72293   1.01050   1.06716   1.01360   1.01495   1.01333
   0.73677   0.75240   0.90608   1.02955   1.02005   1.01512   1.01335
   0.73776   0.78892   0.91885   0.95564   1.04460   1.02223   1.01345
   0.73970   0.79468   0.95432   0.97414   1.05050   1.02810   1.01302
   0.74557   0.79341   0.94987   0.96953   1.06099   1.06265   1.01940
   0.73871   0.79068   0.95846   0.97630   1.02673   1.04822   1.02454
   0.74321   0.83057   1.01381   0.98225   1.00158   1.04505   1.03018
   0.72915   0.78967   1.05391   1.05672   1.04995   1.05397   1.02766
   0.73885   0.81201   0.99912   1.01173   1.01075   1.01991   1.01312
   0.73564   0.77478   0.93955   0.98057   1.02267   1.02776   1.01823
   0.73722   0.78675   0.95406   1.01066   1.08091   1.05914   1.02585
   0.72623   0.77801   0.96893   1.05701   1.14989   1.07468   1.01367
   0.70874   0.76260   0.95292   1.04066   1.06884   0.99991   1.00214
   0.72873   0.77890   0.95314   0.98228   0.96621   0.96919   1.00565
   0.73765   0.79285   0.95794   0.97515   0.97747   0.99731   1.01140
   0.73777   0.79266   0.95944   0.97998   0.99931   1.01177   1.01284
   0.73436   0.78451   1.01237   1.00241   1.00723   1.01492   1.01333
   0.73724   0.78767   0.95126   0.98184   1.01285   1.01522   1.01333
   0.73778   0.79253   0.92380   0.96219   1.02333   1.01642   1.01339
   0.73778   0.79299   0.94210   0.95233   1.00389   1.02059   1.01356
   0.73773   0.79313   0.95650   0.97603   1.02206   1.04051   1.01584
   0.73890   0.79638   0.96177   0.97848   1.00717   1.04206   1.01962
   0.76992   0.86934   1.00316   0.98847   1.01737   1.05544   1.02573
   0.76900   0.87859   1.02225   0.99700   1.01983   1.03309   1.01946
   0.74290   0.80288   0.96352   0.98331   1.01290   1.02664   1.01771
   0.73568   0.78809   0.96102   0.98371   1.01742   1.03049   1.01566
   0.73721   0.79159   0.96060   1.00022   1.06672   1.05207   1.01705
   0.73688   0.79364   0.96807   1.05856   1.15750   1.06898   1.01362
   0.73321   0.79234   0.97154   1.07863   1.10898   1.01604   1.00810
   0.73589   0.79230   0.96231   0.99234   0.96127   0.97157   1.00757
   0.73778   0.79328   0.96003   0.97371   0.96572   0.99398   1.01174
   0.73778   0.79329   0.96011   0.98084   0.99899   1.01207   1.01319
   0.73804   0.79819   0.96144   0.98327   1.00712   1.01492   1.01333
   0.73784   0.78466   0.90613   0.97622   1.00974   1.01494   1.01333
   0.73780   0.78760   0.90623   0.96037   1.00540   1.01519   1.01333
   0.73778   0.79220   0.94784   0.95480   0.99754   1.02054   1.01334
   0.73778   0.79327   0.95871   0.97219   1.02570   1.03712   1.01427
   0.73796   0.79350   0.96018   0.98321   1.02993   1.04793   1.01848
   0.74487   0.80217   0.96194   0.98135   1.01121   1.03536   1.01794
   0.74586   0.80299   0.96191   0.98361   1.00795   1.01753   1.01412
   0.73692   0.79169   0.96001   0.98382   1.01023   1.01986   1.01542
   0.73717   0.79331   0.96057   0.98314   1.01396   1.02360   1.01475
   0.73768   0.79320   0.96038   0.99153   1.03697   1.02906   1.01368
   0.73778   0.79333   0.96473   1.03672   1.10629   1.03941   1.01339
   0.73778   0.79335   0.97115   1.07050   1.09661   1.02075   1.01236
   0.73778   0.79330   0.96334   0.99338   0.97046   0.99005   1.01134
   0.73778   0.79329   0.96001   0.97190   0.96684   0.99950   1.01246
   0.73778   0.79329   0.96003   0.97858   0.99529   1.01185   1.01325
